      Time   barrel 
      0.00  1986.12 
      0.10  1911.25 
      0.20  1879.38 
      0.30  1747.75 
      0.40  1901.38 
      0.50  1812.50 
      0.60  1802.12 
      0.70  1857.38 
      0.80  1881.12 
      0.90  1892.25 
      1.00  1837.00 
      1.10  1874.12 
      1.20  1855.50 
      1.30  1887.62 
      1.40  1872.25 
      1.50  2001.25 
      1.60  1954.25 
      1.70  1849.00 
      1.80  1914.00 
      1.90  1900.75 
      2.00  1931.00 
      2.10  1833.38 
      2.20  1973.25 
      2.30  1937.38 
      2.40  1838.12 
      2.50  1913.50 
      2.60  1895.38 
      2.70  1788.88 
      2.80  1936.00 
      2.90  1818.88 
      3.00  1827.12 
      3.10  1898.12 
      3.20  1829.25 
      3.30  1791.62 
      3.40  1822.00 
      3.50  1749.88 
      3.60  1783.62 
      3.70  1687.75 
      3.80  1655.00 
      3.90  1730.88 
      4.00  1829.12 
      4.10  1707.88 
      4.20  1830.25 
      4.30  1770.88 
      4.40  1594.88 
      4.50  1770.62 
      4.60  1860.25 
      4.70  1732.88 
      4.80  1693.50 
      4.90  1861.25 
      5.00  1795.75 
      5.10  1807.25 
      5.20  1829.12 
      5.30  1833.62 
      5.40  1797.75 
      5.50  1700.12 
      5.60  1622.50 
      5.70  1763.38 
      5.80  1747.75 
      5.90  1776.75 
      6.00  1764.00 
      6.10  1700.62 
      6.20  1786.12 
      6.30  1697.12 
      6.40  1703.50 
      6.50  1796.00 
      6.60  1759.88 
      6.70  1782.25 
      6.80  1716.00 
      6.90  1705.12 
      7.00  1756.25 
      7.10  1679.75 
      7.20  1774.25 
      7.30  1731.50 
      7.40  1740.88 
      7.50  1767.62 
      7.60  1687.38 
      7.70  1705.38 
      7.80  1700.00 
      7.90  1630.25 
      8.00  1693.38 
      8.10  1702.75 
      8.20  1726.75 
      8.30  1782.62 
      8.40  1746.12 
      8.50  1679.25 
      8.60  1701.38 
      8.70  1659.50 
      8.80  1706.88 
      8.90  1849.88 
      9.00  1589.50 
      9.10  1816.00 
      9.20  1577.38 
      9.30  1761.88 
      9.40  1825.50 
      9.50  1800.12 
      9.60  1723.12 
      9.70  1687.25 
      9.80  1730.62 
      9.90  1739.00 
     10.00  1737.25 
     10.10  1735.62 
     10.20  1710.62 
     10.30  1743.00 
     10.40  1759.62 
     10.50  1768.12 
     10.60  1791.00 
     10.70  1708.75 
     10.80  1743.50 
     10.90  1807.38 
     11.00  1757.50 
     11.10  1918.00 
     11.20  1760.62 
     11.30  1726.38 
     11.40  1771.62 
     11.50  1726.00 
     11.60  1755.62 
     11.70  1687.88 
     11.80  1809.62 
     11.90  1791.25 
     12.00  1742.38 
     12.10  1745.00 
     12.20  1834.25 
     12.30  1778.25 
     12.40  1667.38 
     12.50  1721.25 
     12.60  1651.62 
     12.70  1668.88 
     12.80  1693.75 
     12.90  1724.75 
     13.00  1661.12 
     13.10  1681.12 
     13.20  1712.25 
     13.30  1798.38 
     13.40  1721.50 
     13.50  1783.12 
     13.60  1739.50 
     13.70  1705.12 
     13.80  1662.38 
     13.90  1677.50 
     14.00  1680.75 
     14.10  1715.88 
     14.20  1700.88 
     14.30  1746.12 
     14.40  1643.50 
     14.50  1649.75 
     14.60  1654.25 
     14.70  1646.62 
     14.80  1610.38 
     14.90  1635.00 
     15.00  1759.38 
     15.10  1691.12 
     15.20  1628.50 
     15.30  1579.25 
     15.40  1527.62 
     15.50  1610.25 
     15.60  1595.50 
     15.70  1655.25 
     15.80  1633.38 
     15.90  1598.88 
     16.00  1586.50 
     16.10  1599.38 
     16.20  1563.50 
     16.30  1691.88 
     16.40  1570.88 
     16.50  1653.50 
     16.60  1650.62 
     16.70  1730.50 
     16.80  1715.25 
     16.90  1693.12 
     17.00  1742.75 
     17.10  1695.75 
     17.20  1690.00 
     17.30  1654.25 
     17.40  1658.75 
     17.50  1683.38 
     17.60  1731.25 
     17.70  1647.88 
     17.80  1657.25 
     17.90  1638.50 
     18.00  1701.38 
     18.10  1579.50 
     18.20  1655.50 
     18.30  1607.00 
     18.40  1687.00 
     18.50  1784.75 
     18.60  1634.12 
     18.70  1622.75 
     18.80  1656.38 
     18.90  1770.25 
     19.00  1768.38 
     19.10  1690.12 
     19.20  1686.75 
     19.30  1754.12 
     19.40  1707.50 
     19.50  1761.00 
     19.60  1683.12 
     19.70  1798.25 
     19.80  1621.75 
     19.90  1669.88 
     20.00  1664.62 
     20.10  1774.38 
     20.20  1770.75 
     20.30  1659.75 
     20.40  1711.62 
     20.50  1697.38 
     20.60  1599.75 
     20.70  1604.62 
     20.80  1645.25 
     20.90  1620.12 
     21.00  1591.50 
     21.10  1741.50 
     21.20  1705.12 
     21.30  1601.12 
     21.40  1736.38 
     21.50  1614.12 
     21.60  1622.25 
     21.70  1695.88 
     21.80  1619.88 
     21.90  1712.00 
     22.00  1643.12 
     22.10  1732.12 
     22.20  1625.00 
     22.30  1666.75 
     22.40  1628.25 
     22.50  1683.75 
     22.60  1641.50 
     22.70  1638.38 
     22.80  1640.25 
     22.90  1704.38 
     23.00  1675.00 
     23.10  1677.12 
     23.20  1665.00 
     23.30  1777.25 
     23.40  1678.88 
     23.50  1645.62 
     23.60  1629.38 
     23.70  1718.88 
     23.80  1536.12 
     23.90  1756.62 
     24.00  1738.00 
     24.10  1814.88 
     24.20  1785.88 
     24.30  1733.50 
     24.40  1677.25 
     24.50  1766.38 
     24.60  1571.50 
     24.70  1684.38 
     24.80  1779.12 
     24.90  1735.50 
     25.00  1683.00 
     25.10  1762.25 
     25.20  1739.00 
     25.30  1724.00 
     25.40  1789.50 
     25.50  1677.38 
     25.60  1697.62 
     25.70  1653.25 
     25.80  1807.62 
     25.90  1715.62 
     26.00  1631.75 
     26.10  1589.38 
     26.20  1721.62 
     26.30  1701.00 
     26.40  1719.25 
     26.50  1742.38 
     26.60  1717.50 
     26.70  1794.38 
     26.80  1778.00 
     26.90  1729.12 
     27.00  1717.62 
     27.10  1690.25 
     27.20  1736.50 
     27.30  1708.50 
     27.40  1761.62 
     27.50  1710.12 
     27.60  1789.75 
     27.70  1730.62 
     27.80  1696.00 
     27.90  1707.50 
     28.00  1670.25 
     28.10  1738.88 
     28.20  1619.25 
     28.30  1672.00 
     28.40  1823.62 
     28.50  1590.50 
     28.60  1856.50 
     28.70  1714.25 
     28.80  1781.12 
     28.90  1713.38 
     29.00  1749.38 
     29.10  1666.62 
     29.20  1656.88 
     29.30  1621.50 
     29.40  1767.38 
     29.50  1706.38 
     29.60  1739.38 
     29.70  1662.75 
     29.80  1675.25 
     29.90  1717.88 
     30.00  1668.12 
     30.10  1805.88 
     30.20  1758.25 
     30.30  1663.75 
     30.40  1790.50 
     30.50  1671.38 
     30.60  1732.75 
     30.70  1767.62 
     30.80  1610.50 
     30.90  1711.25 
     31.00  1691.50 
     31.10  1790.50 
     31.20  1783.75 
     31.30  1675.38 
     31.40  1648.38 
     31.50  1707.50 
     31.60  1691.00 
     31.70  1672.50 
     31.80  1659.62 
     31.90  1588.12 
     32.00  1644.88 
     32.10  1839.00 
     32.20  1731.25 
     32.30  1708.50 
     32.40  1761.62 
     32.50  1705.25 
     32.60  1763.62 
     32.70  1761.12 
     32.80  1864.88 
     32.90  1714.25 
     33.00  1668.88 
     33.10  1658.88 
     33.20  1623.50 
     33.30  1700.75 
     33.40  1832.88 
     33.50  1765.75 
     33.60  1702.00 
     33.70  1746.25 
     33.80  1813.38 
     33.90  1807.25 
     34.00  1772.38 
     34.10  1692.75 
     34.20  1743.88 
     34.30  1699.50 
     34.40  1794.38 
     34.50  1799.38 
     34.60  1707.00 
     34.70  1806.38 
     34.80  1744.62 
     34.90  1789.25 
     35.00  1779.62 
     35.10  1795.62 
     35.20  1741.50 
     35.30  1661.25 
     35.40  1924.12 
     35.50  1820.75 
     35.60  1829.75 
     35.70  1856.25 
     35.80  1833.00 
     35.90  1724.75 
     36.00  1908.38 
     36.10  1730.38 
     36.20  1787.00 
     36.30  1681.62 
     36.40  1663.00 
     36.50  1698.88 
     36.60  1830.25 
     36.70  1770.88 
     36.80  1698.62 
     36.90  1694.38 
     37.00  1727.00 
     37.10  1840.25 
     37.20  1722.88 
     37.30  1732.25 
     37.40  1642.25 
     37.50  1696.62 
     37.60  1624.12 
     37.70  1740.75 
     37.80  1700.38 
     37.90  1703.50 
     38.00  1607.12 
     38.10  1748.25 
     38.20  1809.88 
     38.30  1832.62 
     38.40  1663.50 
     38.50  1844.50 
     38.60  1744.12 
     38.70  1837.75 
     38.80  1869.88 
     38.90  1791.38 
     39.00  1772.38 
     39.10  1757.38 
     39.20  1786.00 
     39.30  1777.88 
     39.40  1749.50 
     39.50  1828.75 
     39.60  1764.75 
     39.70  1811.00 
     39.80  1706.50 
     39.90  1699.75 
     40.00  1710.50 
     40.10  1922.12 
     40.20  1832.25 
     40.30  1698.50 
     40.40  1724.88 
     40.50  1816.00 
     40.60  1665.62 
     40.70  1717.25 
     40.80  1742.88 
     40.90  1702.50 
     41.00  1716.00 
     41.10  1685.12 
     41.20  1791.75 
     41.30  1732.62 
     41.40  1776.00 
     41.50  1731.00 
     41.60  1686.00 
     41.70  1807.38 
     41.80  1751.38 
     41.90  1717.12 
     42.00  1719.62 
     42.10  1713.88 
     42.20  1702.25 
     42.30  1662.75 
     42.40  1764.25 
     42.50  1800.38 
     42.60  1769.00 
     42.70  1679.62 
     42.80  1785.12 
     42.90  1740.00 
     43.00  1846.00 
     43.10  1688.62 
     43.20  1702.38 
     43.30  1791.75 
     43.40  1772.25 
     43.50  1729.25 
     43.60  1666.62 
     43.70  1706.38 
     43.80  1758.25 
     43.90  1777.62 
     44.00  1780.38 
     44.10  1769.12 
     44.20  1735.00 
     44.30  1754.88 
     44.40  1705.00 
     44.50  1653.12 
     44.60  1728.38 
     44.70  1610.38 
     44.80  1806.50 
     44.90  1745.62 
     45.00  1683.38 
     45.10  1690.75 
     45.20  1753.38 
     45.30  1721.62 
     45.40  1844.00 
     45.50  1855.75 
     45.60  1811.62 
     45.70  1689.38 
     45.80  1737.62 
     45.90  1758.38 
     46.00  1718.38 
     46.10  1827.50 
     46.20  1704.50 
     46.30  1739.12 
     46.40  1792.88 
     46.50  1754.88 
     46.60  1777.38 
     46.70  1695.62 
     46.80  1824.50 
     46.90  1725.00 
     47.00  1713.00 
     47.10  1740.88 
     47.20  1727.88 
     47.30  1811.12 
     47.40  1746.75 
     47.50  1825.88 
     47.60  1691.50 
     47.70  1787.62 
     47.80  1622.38 
     47.90  1710.00 
     48.00  1795.50 
     48.10  1748.62 
     48.20  1796.75 
     48.30  1742.88 
     48.40  1775.38 
     48.50  1740.12 
     48.60  1768.00 
     48.70  1825.75 
     48.80  1742.88 
     48.90  1687.88 
     49.00  1775.50 
     49.10  1602.12 
     49.20  1757.25 
     49.30  1811.25 
     49.40  1742.88 
     49.50  1641.00 
     49.60  1686.62 
     49.70  1612.75 
     49.80  1795.62 
     49.90  1731.50 
     50.00  1750.88 
     50.10  1682.62 
     50.20  1802.75 
     50.30  1618.25 
     50.40  1706.00 
     50.50  1715.12 
     50.60  1842.12 
     50.70  1870.12 
     50.80  1752.75 
     50.90  1781.38 
     51.00  1767.88 
     51.10  1740.88 
     51.20  1789.75 
     51.30  1779.75 
     51.40  1742.88 
     51.50  1727.50 
     51.60  1736.38 
     51.70  1670.00 
     51.80  1817.12 
     51.90  1702.12 
     52.00  1748.25 
     52.10  1787.88 
     52.20  1677.62 
     52.30  1768.75 
     52.40  1734.62 
     52.50  1726.25 
     52.60  1707.62 
     52.70  1815.25 
     52.80  1652.12 
     52.90  1671.00 
     53.00  1691.00 
     53.10  1677.25 
     53.20  1741.38 
     53.30  1690.75 
     53.40  1763.25 
     53.50  1629.00 
     53.60  1703.25 
     53.70  1786.75 
     53.80  1786.00 
     53.90  1808.38 
     54.00  1674.12 
     54.10  1770.25 
     54.20  1738.50 
     54.30  1698.62 
     54.40  1771.50 
     54.50  1775.00 
     54.60  1570.50 
     54.70  1664.62 
     54.80  1710.00 
     54.90  1730.38 
     55.00  1718.75 
     55.10  1668.12 
     55.20  1756.88 
     55.30  1708.62 
     55.40  1722.25 
     55.50  1672.50 
     55.60  1719.25 
     55.70  1735.50 
     55.80  1684.25 
     55.90  1621.25 
     56.00  1697.12 
     56.10  1694.75 
     56.20  1657.75 
     56.30  1624.50 
     56.40  1746.38 
     56.50  1738.62 
     56.60  1693.25 
     56.70  1841.38 
     56.80  1671.12 
     56.90  1763.00 
     57.00  1672.50 
     57.10  1834.75 
     57.20  1711.00 
     57.30  1740.62 
     57.40  1829.62 
     57.50  1665.62 
     57.60  1678.62 
     57.70  1748.38 
     57.80  1779.75 
     57.90  1736.38 
     58.00  1735.00 
     58.10  1744.50 
     58.20  1684.12 
     58.30  1680.75 
     58.40  1699.38 
     58.50  1704.12 
     58.60  1716.38 
     58.70  1756.88 
     58.80  1882.50 
     58.90  1671.00 
     59.00  1649.38 
     59.10  1744.38 
     59.20  1682.38 
     59.30  1648.25 
     59.40  1826.38 
     59.50  1710.88 
     59.60  1684.25 
     59.70  1688.12 
     59.80  1813.62 
     59.90  1826.50 
     60.00  1653.25 
     60.10  1770.50 
     60.20  1696.00 
     60.30  1711.38 
     60.40  1669.88 
     60.50  1809.25 
     60.60  1746.38 
     60.70  1695.62 
     60.80  1755.88 
     60.90  1763.25 
     61.00  1656.50 
     61.10  1699.12 
     61.20  1649.88 
     61.30  1737.62 
     61.40  1703.25 
     61.50  1738.88 
     61.60  1767.50 
     61.70  1795.88 
     61.80  1743.38 
     61.90  1697.50 
     62.00  1650.25 
     62.10  1727.88 
     62.20  1609.25 
     62.30  1691.62 
     62.40  1772.38 
     62.50  1692.38 
     62.60  1759.50 
     62.70  1638.38 
     62.80  1742.38 
     62.90  1736.75 
     63.00  1803.38 
     63.10  1771.50 
     63.20  1715.62 
     63.30  1631.62 
     63.40  1707.62 
     63.50  1606.50 
     63.60  1762.75 
     63.70  1729.62 
     63.80  1771.12 
     63.90  1730.12 
     64.00  1759.62 
     64.10  1701.25 
     64.20  1678.25 
     64.30  1706.88 
     64.40  1704.62 
     64.50  1766.25 
     64.60  1796.75 
     64.70  1756.25 
     64.80  1885.38 
     64.90  1675.50 
     65.00  1860.12 
     65.10  1768.62 
     65.20  1678.12 
     65.30  1752.62 
     65.40  1765.50 
     65.50  1905.12 
     65.60  1658.62 
     65.70  1657.38 
     65.80  1734.50 
     65.90  1751.50 
     66.00  1779.38 
     66.10  1815.25 
     66.20  1743.12 
     66.30  1708.12 
     66.40  1767.50 
     66.50  1738.00 
     66.60  1739.38 
     66.70  1717.25 
     66.80  1758.62 
     66.90  1734.25 
     67.00  1619.88 
     67.10  1821.88 
     67.20  1729.12 
     67.30  1752.62 
     67.40  1805.38 
     67.50  1770.12 
     67.60  1799.25 
     67.70  1805.00 
     67.80  1723.12 
     67.90  1695.38 
     68.00  1674.62 
     68.10  1746.00 
     68.20  1758.62 
     68.30  1699.88 
     68.40  1803.38 
     68.50  1646.38 
     68.60  1716.38 
     68.70  1694.75 
     68.80  1728.00 
     68.90  1862.88 
     69.00  1807.88 
     69.10  1768.50 
     69.20  1773.38 
     69.30  1739.50 
     69.40  1641.25 
     69.50  1695.50 
     69.60  1654.38 
     69.70  1689.50 
     69.80  1677.50 
     69.90  1753.62 
     70.00  1771.25 
     70.10  1801.25 
     70.20  1651.75 
     70.30  1759.62 
     70.40  1640.75 
     70.50  1740.25 
     70.60  1754.62 
     70.70  1731.50 
     70.80  1700.50 
     70.90  1712.38 
     71.00  1737.12 
     71.10  1717.62 
     71.20  1709.75 
     71.30  1654.25 
     71.40  1654.00 
     71.50  1644.50 
     71.60  1684.62 
     71.70  1638.00 
     71.80  1681.50 
     71.90  1795.88 
     72.00  1681.75 
     72.10  1705.88 
     72.20  1677.88 
     72.30  1774.12 
     72.40  1647.12 
     72.50  1756.88 
     72.60  1757.25 
     72.70  1687.88 
     72.80  1732.12 
     72.90  1655.62 
     73.00  1692.88 
     73.10  1679.50 
     73.20  1690.00 
     73.30  1715.75 
     73.40  1732.25 
     73.50  1772.62 
     73.60  1832.75 
     73.70  1832.25 
     73.80  1766.12 
     73.90  1766.12 
     74.00  1662.25 
     74.10  1777.12 
     74.20  1743.12 
     74.30  1700.38 
     74.40  1735.12 
     74.50  1705.25 
     74.60  1856.75 
     74.70  1705.75 
     74.80  1800.12 
     74.90  1799.62 
     75.00  1686.25 
     75.10  1745.12 
     75.20  1780.38 
     75.30  1680.62 
     75.40  1767.75 
     75.50  1727.38 
     75.60  1744.12 
     75.70  1686.62 
     75.80  1618.25 
     75.90  1673.38 
     76.00  1688.75 
     76.10  1747.50 
     76.20  1669.25 
     76.30  1787.25 
     76.40  1734.62 
     76.50  1626.50 
     76.60  1641.12 
     76.70  1647.25 
     76.80  1711.50 
     76.90  1699.38 
     77.00  1636.00 
     77.10  1740.88 
     77.20  1760.38 
     77.30  1545.62 
     77.40  1697.38 
     77.50  1637.88 
     77.60  1647.88 
     77.70  1667.25 
     77.80  1702.25 
     77.90  1773.75 
     78.00  1648.12 
     78.10  1806.75 
     78.20  1692.75 
     78.30  1746.75 
     78.40  1717.75 
     78.50  1608.25 
     78.60  1750.75 
     78.70  1789.75 
     78.80  1591.25 
     78.90  1741.88 
     79.00  1652.88 
     79.10  1832.62 
     79.20  1645.38 
     79.30  1778.88 
     79.40  1709.38 
     79.50  1765.62 
     79.60  1703.75 
     79.70  1760.50 
     79.80  1723.88 
     79.90  1686.25 
     80.00  1632.00 
     80.10  1717.75 
     80.20  1655.75 
     80.30  1720.88 
     80.40  1772.50 
     80.50  1761.00 
     80.60  1900.38 
     80.70  1722.12 
     80.80  1732.00 
     80.90  1747.12 
     81.00  1738.00 
     81.10  1750.62 
     81.20  1644.12 
     81.30  1652.88 
     81.40  1720.25 
     81.50  1729.38 
     81.60  1850.75 
     81.70  1680.38 
     81.80  1733.12 
     81.90  1678.38 
     82.00  1583.88 
     82.10  1673.12 
     82.20  1667.88 
     82.30  1730.12 
     82.40  1681.38 
     82.50  1673.25 
     82.60  1703.50 
     82.70  1625.25 
     82.80  1717.75 
     82.90  1729.75 
     83.00  1727.50 
     83.10  1735.50 
     83.20  1749.00 
     83.30  1838.12 
     83.40  1671.00 
     83.50  1609.75 
     83.60  1699.50 
     83.70  1715.75 
     83.80  1675.00 
     83.90  1786.38 
     84.00  1614.50 
     84.10  1731.25 
     84.20  1690.12 
     84.30  1612.38 
     84.40  1618.75 
     84.50  1729.25 
     84.60  1552.12 
     84.70  1763.38 
     84.80  1613.25 
     84.90  1646.12 
     85.00  1780.00 
     85.10  1910.62 
     85.20  1805.50 
     85.30  1776.75 
     85.40  1596.38 
     85.50  1662.88 
     85.60  1543.88 
     85.70  1719.75 
     85.80  1640.12 
     85.90  1752.50 
     86.00  1692.75 
     86.10  1716.50 
     86.20  1751.88 
     86.30  1791.75 
     86.40  1760.75 
     86.50  1726.62 
     86.60  1752.62 
     86.70  1727.75 
     86.80  1781.88 
     86.90  1713.00 
     87.00  1763.88 
     87.10  1709.62 
     87.20  1783.00 
     87.30  1891.50 
     87.40  1797.75 
     87.50  1728.88 
     87.60  1832.88 
     87.70  1771.88 
     87.80  1704.38 
     87.90  1757.12 
     88.00  1789.75 
     88.10  1736.62 
     88.20  1727.88 
     88.30  1784.75 
     88.40  1712.38 
     88.50  1698.12 
     88.60  1753.50 
     88.70  1758.12 
     88.80  1794.25 
     88.90  1737.88 
     89.00  1758.38 
     89.10  1715.25 
     89.20  1769.50 
     89.30  1764.88 
     89.40  1669.62 
     89.50  1829.00 
     89.60  1729.50 
     89.70  1780.88 
     89.80  1777.75 
     89.90  1678.12 
