      Time   barrel 
      0.00  1986.12 
      0.10  1903.50 
      0.20  1911.25 
      0.30  1855.62 
      0.40  1879.38 
      0.50  1954.25 
      0.60  1747.75 
      0.70  1779.25 
      0.80  1901.38 
      0.90  1794.00 
      1.00  1812.50 
      1.10  1885.75 
      1.20  1802.12 
      1.30  1812.12 
      1.40  1857.38 
      1.50  1823.62 
      1.60  1881.12 
      1.70  1912.00 
      1.80  1892.25 
      1.90  1828.88 
      2.00  1837.00 
      2.10  1937.00 
      2.20  1874.12 
      2.30  1902.50 
      2.40  1855.50 
      2.50  1822.25 
      2.60  1887.62 
      2.70  1805.88 
      2.80  1872.25 
      2.90  1901.00 
      3.00  2001.25 
      3.10  1915.00 
      3.20  1954.25 
      3.30  1780.75 
      3.40  1849.00 
      3.50  1805.75 
      3.60  1914.00 
      3.70  1901.88 
      3.80  1900.75 
      3.90  1889.25 
      4.00  1931.00 
      4.10  1859.25 
      4.20  1833.38 
      4.30  2009.12 
      4.40  1973.25 
      4.50  2011.75 
      4.60  1937.38 
      4.70  1890.38 
      4.80  1838.12 
      4.90  1884.38 
      5.00  1913.50 
      5.10  1824.38 
      5.20  1895.38 
      5.30  1851.25 
      5.40  1788.88 
      5.50  2090.75 
      5.60  1936.00 
      5.70  1838.50 
      5.80  1818.88 
      5.90  1763.88 
      6.00  1827.12 
      6.10  1968.50 
      6.20  1898.12 
      6.30  1955.75 
      6.40  1829.25 
      6.50  1847.88 
      6.60  1791.62 
      6.70  1750.00 
      6.80  1822.00 
      6.90  1712.88 
      7.00  1749.88 
      7.10  1816.25 
      7.20  1783.62 
      7.30  1696.00 
      7.40  1687.75 
      7.50  1660.25 
      7.60  1655.00 
      7.70  1851.50 
      7.80  1730.88 
      7.90  1747.62 
      8.00  1829.12 
      8.10  1818.25 
      8.20  1707.88 
      8.30  1773.25 
      8.40  1830.25 
      8.50  1675.12 
      8.60  1770.88 
      8.70  1818.88 
      8.80  1594.88 
      8.90  1784.75 
      9.00  1770.62 
      9.10  1738.25 
      9.20  1860.25 
      9.30  1757.62 
      9.40  1732.88 
      9.50  1786.25 
      9.60  1693.50 
      9.70  1767.00 
      9.80  1861.25 
      9.90  1767.12 
     10.00  1795.75 
     10.10  1743.88 
     10.20  1807.25 
     10.30  1754.38 
     10.40  1829.12 
     10.50  1676.25 
     10.60  1833.62 
     10.70  1735.00 
     10.80  1797.75 
     10.90  1716.12 
     11.00  1700.12 
     11.10  1681.50 
     11.20  1622.50 
     11.30  1728.50 
     11.40  1763.38 
     11.50  1776.38 
     11.60  1747.75 
     11.70  1713.38 
     11.80  1776.75 
     11.90  1774.88 
     12.00  1764.00 
     12.10  1748.62 
     12.20  1700.62 
     12.30  1755.62 
     12.40  1786.12 
     12.50  1808.50 
     12.60  1697.12 
     12.70  1722.25 
     12.80  1703.50 
     12.90  1638.12 
     13.00  1796.00 
     13.10  1684.75 
     13.20  1759.88 
     13.30  1739.88 
     13.40  1782.25 
     13.50  1756.38 
     13.60  1716.00 
     13.70  1734.38 
     13.80  1705.12 
     13.90  1691.00 
     14.00  1756.25 
     14.10  1829.00 
     14.20  1679.75 
     14.30  1710.38 
     14.40  1774.25 
     14.50  1736.88 
     14.60  1731.50 
     14.70  1679.00 
     14.80  1740.88 
     14.90  1845.88 
     15.00  1767.62 
     15.10  1888.25 
     15.20  1687.38 
     15.30  1700.75 
     15.40  1705.38 
     15.50  1699.75 
     15.60  1700.00 
     15.70  1641.50 
     15.80  1630.25 
     15.90  1659.25 
     16.00  1693.38 
     16.10  1711.62 
     16.20  1702.75 
     16.30  1701.88 
     16.40  1726.75 
     16.50  1714.12 
     16.60  1782.62 
     16.70  1787.12 
     16.80  1746.12 
     16.90  1695.12 
     17.00  1679.25 
     17.10  1707.38 
     17.20  1701.38 
     17.30  1660.75 
     17.40  1659.50 
     17.50  1634.75 
     17.60  1706.88 
     17.70  1610.50 
     17.80  1849.88 
     17.90  1800.88 
     18.00  1589.50 
     18.10  1686.25 
     18.20  1816.00 
     18.30  1647.50 
     18.40  1577.38 
     18.50  1686.50 
     18.60  1761.88 
     18.70  1704.00 
     18.80  1825.50 
     18.90  1792.12 
     19.00  1800.12 
     19.10  1791.00 
     19.20  1723.12 
     19.30  1789.38 
     19.40  1687.25 
     19.50  1749.00 
     19.60  1730.62 
     19.70  1695.50 
     19.80  1739.00 
     19.90  1752.38 
     20.00  1737.25 
     20.10  1692.75 
     20.20  1735.62 
     20.30  1758.00 
     20.40  1710.62 
     20.50  1891.12 
     20.60  1743.00 
     20.70  1806.62 
     20.80  1759.62 
     20.90  1819.50 
     21.00  1768.12 
     21.10  1842.88 
     21.20  1791.00 
     21.30  1779.50 
     21.40  1708.75 
     21.50  1783.50 
     21.60  1743.50 
     21.70  1732.75 
     21.80  1807.38 
     21.90  1737.62 
     22.00  1757.50 
     22.10  1823.75 
     22.20  1918.00 
     22.30  1794.88 
     22.40  1760.62 
     22.50  1755.62 
     22.60  1726.38 
     22.70  1746.25 
     22.80  1771.62 
     22.90  1845.25 
     23.00  1726.00 
     23.10  1740.75 
     23.20  1755.62 
     23.30  1720.62 
     23.40  1687.88 
     23.50  1759.25 
     23.60  1809.62 
     23.70  1745.00 
     23.80  1791.25 
     23.90  1778.50 
     24.00  1742.38 
     24.10  1707.62 
     24.20  1745.00 
     24.30  1689.25 
     24.40  1834.25 
     24.50  1761.50 
     24.60  1778.25 
     24.70  1659.12 
     24.80  1667.38 
     24.90  1767.38 
     25.00  1721.25 
     25.10  1680.25 
     25.20  1651.62 
     25.30  1613.38 
     25.40  1668.88 
     25.50  1658.62 
     25.60  1693.75 
     25.70  1792.88 
     25.80  1724.75 
     25.90  1684.00 
     26.00  1661.12 
     26.10  1752.88 
     26.20  1681.12 
     26.30  1773.50 
     26.40  1712.25 
     26.50  1768.00 
     26.60  1798.38 
     26.70  1764.12 
     26.80  1721.50 
     26.90  1705.75 
     27.00  1783.12 
     27.10  1647.00 
     27.20  1739.50 
     27.30  1737.00 
     27.40  1705.12 
     27.50  1741.88 
     27.60  1662.38 
     27.70  1591.00 
     27.80  1677.50 
     27.90  1731.88 
     28.00  1680.75 
     28.10  1634.25 
     28.20  1715.88 
     28.30  1817.75 
     28.40  1700.88 
     28.50  1661.38 
     28.60  1746.12 
     28.70  1769.38 
     28.80  1643.50 
     28.90  1649.00 
     29.00  1649.75 
     29.10  1676.50 
     29.20  1654.25 
     29.30  1647.25 
     29.40  1646.62 
     29.50  1717.00 
     29.60  1610.38 
     29.70  1602.50 
     29.80  1635.00 
     29.90  1683.00 
     30.00  1759.38 
     30.10  1695.88 
     30.20  1691.12 
     30.30  1701.12 
     30.40  1628.50 
     30.50  1631.62 
     30.60  1579.25 
     30.70  1680.62 
     30.80  1527.62 
     30.90  1586.62 
     31.00  1610.25 
     31.10  1644.88 
     31.20  1595.50 
     31.30  1584.88 
     31.40  1655.25 
     31.50  1666.00 
     31.60  1633.38 
     31.70  1643.75 
     31.80  1598.88 
     31.90  1564.50 
     32.00  1586.50 
     32.10  1569.75 
     32.20  1599.38 
     32.30  1577.25 
     32.40  1563.50 
     32.50  1605.38 
     32.60  1691.88 
     32.70  1670.88 
     32.80  1570.88 
     32.90  1658.00 
     33.00  1653.50 
     33.10  1773.62 
     33.20  1650.62 
     33.30  1724.38 
     33.40  1730.50 
     33.50  1671.88 
     33.60  1715.25 
     33.70  1714.38 
     33.80  1693.12 
     33.90  1694.62 
     34.00  1742.75 
     34.10  1679.50 
     34.20  1695.75 
     34.30  1775.62 
     34.40  1690.00 
     34.50  1759.25 
     34.60  1654.25 
     34.70  1610.25 
     34.80  1658.75 
     34.90  1605.62 
     35.00  1683.38 
     35.10  1685.88 
     35.20  1731.25 
     35.30  1642.88 
     35.40  1647.88 
     35.50  1620.75 
     35.60  1657.25 
     35.70  1707.88 
     35.80  1638.50 
     35.90  1622.75 
     36.00  1701.38 
     36.10  1684.00 
     36.20  1579.50 
     36.30  1553.62 
     36.40  1655.50 
     36.50  1690.50 
     36.60  1607.00 
     36.70  1595.38 
     36.80  1687.00 
     36.90  1630.12 
     37.00  1784.75 
     37.10  1619.12 
     37.20  1634.12 
     37.30  1716.00 
     37.40  1622.75 
     37.50  1647.50 
     37.60  1656.38 
     37.70  1654.12 
     37.80  1770.25 
     37.90  1611.38 
     38.00  1768.38 
     38.10  1699.25 
     38.20  1690.12 
     38.30  1628.88 
     38.40  1686.75 
     38.50  1726.50 
     38.60  1754.12 
     38.70  1648.62 
     38.80  1707.50 
     38.90  1857.12 
     39.00  1761.00 
     39.10  1668.12 
     39.20  1683.12 
     39.30  1651.38 
     39.40  1798.25 
     39.50  1724.75 
     39.60  1621.75 
     39.70  1691.25 
     39.80  1669.88 
     39.90  1580.38 
     40.00  1664.62 
     40.10  1707.12 
     40.20  1774.38 
     40.30  1777.88 
     40.40  1770.75 
     40.50  1595.75 
     40.60  1659.75 
     40.70  1737.88 
     40.80  1711.62 
     40.90  1674.38 
     41.00  1697.38 
     41.10  1762.62 
     41.20  1599.75 
     41.30  1674.12 
     41.40  1604.62 
     41.50  1718.12 
     41.60  1645.25 
     41.70  1646.12 
     41.80  1620.12 
     41.90  1666.12 
     42.00  1591.50 
     42.10  1706.00 
     42.20  1741.50 
     42.30  1668.25 
     42.40  1705.12 
     42.50  1719.50 
     42.60  1601.12 
     42.70  1689.50 
     42.80  1736.38 
     42.90  1652.50 
     43.00  1614.12 
     43.10  1614.12 
     43.20  1622.25 
     43.30  1649.88 
     43.40  1695.88 
     43.50  1624.62 
     43.60  1619.88 
     43.70  1636.25 
     43.80  1712.00 
     43.90  1659.12 
     44.00  1643.12 
     44.10  1634.88 
     44.20  1732.12 
     44.30  1682.25 
     44.40  1625.00 
     44.50  1617.50 
     44.60  1666.75 
     44.70  1680.50 
     44.80  1628.25 
     44.90  1627.38 
     45.00  1683.75 
     45.10  1547.25 
     45.20  1641.50 
     45.30  1630.75 
     45.40  1638.38 
     45.50  1624.75 
     45.60  1640.25 
     45.70  1662.12 
     45.80  1704.38 
     45.90  1696.50 
     46.00  1675.00 
     46.10  1680.25 
     46.20  1677.12 
     46.30  1652.50 
     46.40  1665.00 
     46.50  1694.75 
     46.60  1777.25 
     46.70  1719.50 
     46.80  1678.88 
     46.90  1714.00 
     47.00  1645.62 
     47.10  1662.25 
     47.20  1629.38 
     47.30  1706.25 
     47.40  1718.88 
     47.50  1782.25 
     47.60  1536.12 
     47.70  1876.62 
     47.80  1756.62 
     47.90  1675.12 
     48.00  1738.00 
     48.10  1864.25 
     48.20  1814.88 
     48.30  1712.12 
     48.40  1785.88 
     48.50  1683.38 
     48.60  1733.50 
     48.70  1662.88 
     48.80  1677.25 
     48.90  1690.50 
     49.00  1766.38 
     49.10  1700.75 
     49.20  1571.50 
     49.30  1661.25 
     49.40  1684.38 
     49.50  1746.75 
     49.60  1779.12 
     49.70  1768.88 
     49.80  1735.50 
     49.90  1804.00 
     50.00  1683.00 
     50.10  1765.50 
     50.20  1762.25 
     50.30  1709.75 
     50.40  1739.00 
     50.50  1711.50 
     50.60  1724.00 
     50.70  1732.00 
     50.80  1789.50 
     50.90  1717.50 
     51.00  1677.38 
     51.10  1579.75 
     51.20  1697.62 
     51.30  1743.62 
     51.40  1653.25 
     51.50  1682.62 
     51.60  1807.62 
     51.70  1681.38 
     51.80  1715.62 
     51.90  1576.25 
     52.00  1631.75 
     52.10  1725.12 
     52.20  1589.38 
     52.30  1757.88 
     52.40  1721.62 
     52.50  1756.88 
     52.60  1701.00 
     52.70  1744.62 
     52.80  1719.25 
     52.90  1687.88 
     53.00  1742.38 
     53.10  1636.38 
     53.20  1717.50 
     53.30  1669.88 
     53.40  1794.38 
     53.50  1746.00 
     53.60  1778.00 
     53.70  1754.50 
     53.80  1729.12 
     53.90  1754.50 
     54.00  1717.62 
     54.10  1718.62 
     54.20  1690.25 
     54.30  1665.62 
     54.40  1736.50 
     54.50  1639.12 
     54.60  1708.50 
     54.70  1703.50 
     54.80  1761.62 
     54.90  1748.00 
     55.00  1710.12 
     55.10  1731.88 
     55.20  1789.75 
     55.30  1689.88 
     55.40  1730.62 
     55.50  1816.00 
     55.60  1696.00 
     55.70  1751.12 
     55.80  1707.50 
     55.90  1684.00 
     56.00  1670.25 
     56.10  1618.38 
     56.20  1738.88 
     56.30  1664.75 
     56.40  1619.25 
     56.50  1623.62 
     56.60  1672.00 
     56.70  1690.00 
     56.80  1823.62 
     56.90  1704.25 
     57.00  1590.50 
     57.10  1682.62 
     57.20  1856.50 
     57.30  1806.88 
     57.40  1714.25 
     57.50  1708.62 
     57.60  1781.12 
     57.70  1690.75 
     57.80  1713.38 
     57.90  1786.25 
     58.00  1749.38 
     58.10  1813.88 
     58.20  1666.62 
     58.30  1679.88 
     58.40  1656.88 
     58.50  1753.88 
     58.60  1621.50 
     58.70  1662.62 
     58.80  1767.38 
     58.90  1681.38 
     59.00  1706.38 
     59.10  1682.00 
     59.20  1739.38 
     59.30  1736.12 
     59.40  1662.75 
     59.50  1722.38 
     59.60  1675.25 
     59.70  1727.50 
     59.80  1717.88 
     59.90  1670.00 
     60.00  1668.12 
     60.10  1707.88 
     60.20  1805.88 
     60.30  1739.38 
     60.40  1758.25 
     60.50  1775.75 
     60.60  1663.75 
     60.70  1780.00 
     60.80  1790.50 
     60.90  1707.25 
     61.00  1671.38 
     61.10  1767.00 
     61.20  1732.75 
     61.30  1757.88 
     61.40  1767.62 
     61.50  1765.75 
     61.60  1610.50 
     61.70  1633.38 
     61.80  1711.25 
     61.90  1660.00 
     62.00  1691.50 
     62.10  1675.62 
     62.20  1790.50 
     62.30  1755.12 
     62.40  1783.75 
     62.50  1760.62 
     62.60  1675.38 
     62.70  1699.38 
     62.80  1648.38 
     62.90  1707.00 
     63.00  1707.50 
     63.10  1782.62 
     63.20  1691.00 
     63.30  1683.00 
     63.40  1672.50 
     63.50  1706.25 
     63.60  1659.62 
     63.70  1707.75 
     63.80  1588.12 
     63.90  1615.00 
     64.00  1644.88 
     64.10  1635.75 
     64.20  1839.00 
     64.30  1747.12 
     64.40  1731.25 
     64.50  1696.62 
     64.60  1708.50 
     64.70  1807.88 
     64.80  1761.62 
     64.90  1857.25 
     65.00  1705.25 
     65.10  1747.62 
     65.20  1763.62 
     65.30  1748.12 
     65.40  1761.12 
     65.50  1791.25 
     65.60  1864.88 
     65.70  1618.88 
     65.80  1714.25 
     65.90  1640.62 
     66.00  1668.88 
     66.10  1652.75 
     66.20  1658.88 
     66.30  1712.00 
     66.40  1623.50 
     66.50  1692.62 
     66.60  1700.75 
     66.70  1830.00 
     66.80  1832.88 
     66.90  1752.75 
     67.00  1765.75 
     67.10  1764.62 
     67.20  1702.00 
     67.30  1737.75 
     67.40  1746.25 
     67.50  1771.50 
     67.60  1813.38 
     67.70  1744.00 
     67.80  1807.25 
     67.90  1752.25 
     68.00  1772.38 
     68.10  1771.62 
     68.20  1692.75 
     68.30  1715.25 
     68.40  1743.88 
     68.50  1801.62 
     68.60  1699.50 
     68.70  1758.62 
     68.80  1794.38 
     68.90  1724.50 
     69.00  1799.38 
     69.10  1828.38 
     69.20  1707.00 
     69.30  1865.12 
     69.40  1806.38 
     69.50  1837.38 
     69.60  1744.62 
     69.70  1797.00 
     69.80  1789.25 
     69.90  1834.12 
     70.00  1779.62 
     70.10  1765.12 
     70.20  1795.62 
     70.30  1762.12 
     70.40  1741.50 
     70.50  1863.00 
     70.60  1661.25 
     70.70  1814.75 
     70.80  1924.12 
     70.90  1729.50 
     71.00  1820.75 
     71.10  1798.50 
     71.20  1829.75 
     71.30  1866.38 
     71.40  1856.25 
     71.50  1781.50 
     71.60  1833.00 
     71.70  1691.12 
     71.80  1724.75 
     71.90  1662.25 
     72.00  1908.38 
     72.10  1764.12 
     72.20  1730.38 
     72.30  1825.62 
     72.40  1787.00 
     72.50  1636.12 
     72.60  1681.62 
     72.70  1647.25 
     72.80  1663.00 
     72.90  1661.62 
     73.00  1698.88 
     73.10  1764.62 
     73.20  1830.25 
     73.30  1728.50 
     73.40  1770.88 
     73.50  1791.25 
     73.60  1698.62 
     73.70  1812.25 
     73.80  1694.38 
     73.90  1630.38 
     74.00  1727.00 
     74.10  1691.00 
     74.20  1840.25 
     74.30  1805.62 
     74.40  1722.88 
     74.50  1711.75 
     74.60  1732.25 
     74.70  1732.00 
     74.80  1642.25 
     74.90  1718.88 
     75.00  1696.62 
     75.10  1684.88 
     75.20  1624.12 
     75.30  1789.75 
     75.40  1740.75 
     75.50  1688.00 
     75.60  1700.38 
     75.70  1732.75 
     75.80  1703.50 
     75.90  1678.38 
     76.00  1607.12 
     76.10  1791.75 
     76.20  1748.25 
     76.30  1775.25 
     76.40  1809.88 
     76.50  1783.62 
     76.60  1832.62 
     76.70  1686.50 
     76.80  1663.50 
     76.90  1876.88 
     77.00  1844.50 
     77.10  1776.62 
     77.20  1744.12 
     77.30  1843.88 
     77.40  1837.75 
     77.50  1764.12 
     77.60  1869.88 
     77.70  1864.88 
     77.80  1791.38 
     77.90  1779.38 
     78.00  1772.38 
     78.10  1697.62 
     78.20  1757.38 
     78.30  1638.00 
     78.40  1786.00 
     78.50  1870.50 
     78.60  1777.88 
     78.70  1760.50 
     78.80  1749.50 
     78.90  1721.12 
     79.00  1828.75 
     79.10  1754.62 
     79.20  1764.75 
     79.30  1775.00 
     79.40  1811.00 
     79.50  1719.75 
     79.60  1706.50 
     79.70  1676.75 
     79.80  1699.75 
     79.90  1810.38 
     80.00  1710.50 
     80.10  1909.75 
     80.20  1922.12 
     80.30  1803.25 
     80.40  1832.25 
     80.50  1666.62 
     80.60  1698.50 
     80.70  1694.88 
     80.80  1724.88 
     80.90  1670.25 
     81.00  1816.00 
     81.10  1842.25 
     81.20  1665.62 
     81.30  1629.88 
     81.40  1717.25 
     81.50  1738.88 
     81.60  1742.88 
     81.70  1717.62 
     81.80  1702.50 
     81.90  1692.88 
     82.00  1716.00 
     82.10  1708.50 
     82.20  1685.12 
     82.30  1785.38 
     82.40  1791.75 
     82.50  1747.50 
     82.60  1732.62 
     82.70  1820.62 
     82.80  1776.00 
     82.90  1693.38 
     83.00  1731.00 
     83.10  1758.00 
     83.20  1686.00 
     83.30  1663.88 
     83.40  1807.38 
     83.50  1649.38 
     83.60  1751.38 
     83.70  1652.12 
     83.80  1717.12 
     83.90  1716.50 
     84.00  1719.62 
     84.10  1734.38 
     84.20  1713.88 
     84.30  1783.38 
     84.40  1702.25 
     84.50  1807.88 
     84.60  1662.75 
     84.70  1774.88 
     84.80  1764.25 
     84.90  1678.38 
     85.00  1800.38 
     85.10  1706.88 
     85.20  1769.00 
     85.30  1750.00 
     85.40  1679.62 
     85.50  1692.50 
     85.60  1785.12 
     85.70  1827.50 
     85.80  1740.00 
     85.90  1766.12 
     86.00  1846.00 
     86.10  1718.12 
     86.20  1688.62 
     86.30  1770.38 
     86.40  1702.38 
     86.50  1813.38 
     86.60  1791.75 
     86.70  1822.75 
     86.80  1772.25 
     86.90  1764.50 
     87.00  1729.25 
     87.10  1723.75 
     87.20  1666.62 
     87.30  1681.12 
     87.40  1706.38 
     87.50  1626.50 
     87.60  1758.25 
     87.70  1773.25 
     87.80  1777.62 
     87.90  1716.00 
     88.00  1780.38 
     88.10  1739.38 
     88.20  1769.12 
     88.30  1785.00 
     88.40  1735.00 
     88.50  1798.12 
     88.60  1754.88 
     88.70  1662.75 
     88.80  1705.00 
     88.90  1618.50 
     89.00  1653.12 
     89.10  1724.12 
     89.20  1728.38 
     89.30  1736.00 
     89.40  1610.38 
     89.50  1749.75 
     89.60  1806.50 
     89.70  1709.62 
     89.80  1745.62 
     89.90  1738.88 
     90.00  1683.38 
     90.10  1645.50 
     90.20  1690.75 
     90.30  1711.50 
     90.40  1753.38 
     90.50  1716.12 
     90.60  1721.62 
     90.70  1778.38 
     90.80  1844.00 
     90.90  1809.50 
     91.00  1855.75 
     91.10  1842.50 
     91.20  1811.62 
     91.30  1750.25 
     91.40  1689.38 
     91.50  1769.50 
     91.60  1737.62 
     91.70  1671.38 
     91.80  1758.38 
     91.90  1727.50 
     92.00  1718.38 
     92.10  1751.50 
     92.20  1827.50 
     92.30  1683.50 
     92.40  1704.50 
     92.50  1798.88 
     92.60  1739.12 
     92.70  1721.62 
     92.80  1792.88 
     92.90  1735.25 
     93.00  1754.88 
     93.10  1820.88 
     93.20  1777.38 
     93.30  1809.12 
     93.40  1695.62 
     93.50  1674.62 
     93.60  1824.50 
     93.70  1644.50 
     93.80  1725.00 
     93.90  1832.62 
     94.00  1713.00 
     94.10  1739.75 
     94.20  1740.88 
     94.30  1801.12 
     94.40  1727.88 
     94.50  1696.88 
     94.60  1811.12 
     94.70  1776.75 
     94.80  1746.75 
     94.90  1815.62 
     95.00  1825.88 
     95.10  1705.25 
     95.20  1691.50 
     95.30  1686.50 
     95.40  1787.62 
     95.50  1826.25 
     95.60  1622.38 
     95.70  1647.38 
     95.80  1710.00 
     95.90  1672.25 
     96.00  1795.50 
     96.10  1708.38 
     96.20  1748.62 
     96.30  1735.62 
     96.40  1796.75 
     96.50  1780.75 
     96.60  1742.88 
     96.70  1778.75 
     96.80  1775.38 
     96.90  1687.38 
     97.00  1740.12 
     97.10  1753.12 
     97.20  1768.00 
     97.30  1806.75 
     97.40  1825.75 
     97.50  1725.25 
     97.60  1742.88 
     97.70  1626.50 
     97.80  1687.88 
     97.90  1722.62 
     98.00  1775.50 
     98.10  1704.12 
     98.20  1602.12 
     98.30  1711.75 
     98.40  1757.25 
     98.50  1722.00 
     98.60  1811.25 
     98.70  1699.50 
     98.80  1742.88 
     98.90  1731.38 
     99.00  1641.00 
     99.10  1607.12 
     99.20  1686.62 
     99.30  1709.00 
     99.40  1612.75 
     99.50  1715.12 
     99.60  1795.62 
     99.70  1810.25 
     99.80  1731.50 
     99.90  1723.25 
    100.00  1750.88 
    100.10  1774.12 
    100.20  1682.62 
    100.30  1844.88 
    100.40  1802.75 
    100.50  1791.75 
    100.60  1618.25 
    100.70  1685.00 
    100.80  1706.00 
    100.90  1748.62 
    101.00  1715.12 
    101.10  1792.25 
    101.20  1842.12 
    101.30  1815.75 
    101.40  1870.12 
    101.50  1714.62 
    101.60  1752.75 
    101.70  1622.00 
    101.80  1781.38 
    101.90  1825.75 
    102.00  1767.88 
    102.10  1766.50 
    102.20  1740.88 
    102.30  1752.12 
    102.40  1789.75 
    102.50  1726.62 
    102.60  1779.75 
    102.70  1778.62 
    102.80  1742.88 
    102.90  1721.00 
    103.00  1727.50 
    103.10  1793.38 
    103.20  1736.38 
    103.30  1752.75 
    103.40  1670.00 
    103.50  1786.88 
    103.60  1817.12 
    103.70  1803.25 
    103.80  1702.12 
    103.90  1731.50 
    104.00  1748.25 
    104.10  1625.25 
    104.20  1787.88 
    104.30  1769.12 
    104.40  1677.62 
    104.50  1655.25 
    104.60  1768.75 
    104.70  1627.38 
    104.80  1734.62 
    104.90  1640.38 
    105.00  1726.25 
    105.10  1672.38 
    105.20  1707.62 
    105.30  1731.88 
    105.40  1815.25 
    105.50  1767.88 
    105.60  1652.12 
    105.70  1726.88 
    105.80  1671.00 
    105.90  1707.62 
    106.00  1691.00 
    106.10  1620.75 
    106.20  1677.25 
    106.30  1804.38 
    106.40  1741.38 
    106.50  1661.75 
    106.60  1690.75 
    106.70  1634.88 
    106.80  1763.25 
    106.90  1690.25 
    107.00  1629.00 
    107.10  1675.12 
    107.20  1703.25 
    107.30  1743.38 
    107.40  1786.75 
    107.50  1789.25 
    107.60  1786.00 
    107.70  1777.00 
    107.80  1808.38 
    107.90  1828.12 
    108.00  1674.12 
    108.10  1738.50 
    108.20  1770.25 
    108.30  1737.12 
    108.40  1738.50 
    108.50  1651.38 
    108.60  1698.62 
    108.70  1665.00 
    108.80  1771.50 
    108.90  1805.50 
    109.00  1775.00 
    109.10  1790.38 
    109.20  1570.50 
    109.30  1640.25 
    109.40  1664.62 
    109.50  1733.62 
    109.60  1710.00 
    109.70  1784.38 
    109.80  1730.38 
    109.90  1745.12 
    110.00  1718.75 
    110.10  1712.62 
    110.20  1668.12 
    110.30  1566.75 
    110.40  1756.88 
    110.50  1668.25 
    110.60  1708.62 
    110.70  1616.12 
    110.80  1722.25 
    110.90  1695.25 
    111.00  1672.50 
    111.10  1791.50 
    111.20  1719.25 
    111.30  1751.88 
    111.40  1735.50 
    111.50  1641.75 
    111.60  1684.25 
    111.70  1682.88 
    111.80  1621.25 
    111.90  1780.75 
    112.00  1697.12 
    112.10  1646.88 
    112.20  1694.75 
    112.30  1735.00 
    112.40  1657.75 
    112.50  1781.25 
    112.60  1624.50 
    112.70  1747.38 
    112.80  1746.38 
    112.90  1721.62 
    113.00  1738.62 
    113.10  1730.62 
    113.20  1693.25 
    113.30  1742.25 
    113.40  1841.38 
    113.50  1743.88 
    113.60  1671.12 
    113.70  1718.25 
    113.80  1763.00 
    113.90  1654.00 
    114.00  1672.50 
    114.10  1776.62 
    114.20  1834.75 
    114.30  1750.00 
    114.40  1711.00 
    114.50  1707.62 
    114.60  1740.62 
    114.70  1642.88 
    114.80  1829.62 
    114.90  1779.75 
    115.00  1665.62 
    115.10  1618.12 
    115.20  1678.62 
    115.30  1621.75 
    115.40  1748.38 
    115.50  1724.50 
    115.60  1779.75 
    115.70  1670.75 
    115.80  1736.38 
    115.90  1655.00 
    116.00  1735.00 
    116.10  1700.12 
    116.20  1744.50 
    116.30  1761.62 
    116.40  1684.12 
    116.50  1791.00 
    116.60  1680.75 
    116.70  1655.12 
    116.80  1699.38 
    116.90  1675.12 
    117.00  1704.12 
    117.10  1695.25 
    117.20  1716.38 
    117.30  1795.12 
    117.40  1756.88 
    117.50  1740.12 
    117.60  1882.50 
    117.70  1649.50 
    117.80  1671.00 
    117.90  1646.12 
    118.00  1649.38 
    118.10  1718.00 
    118.20  1744.38 
    118.30  1738.12 
    118.40  1682.38 
    118.50  1773.88 
    118.60  1648.25 
    118.70  1833.00 
    118.80  1826.38 
    118.90  1795.88 
    119.00  1710.88 
    119.10  1644.50 
    119.20  1684.25 
    119.30  1727.12 
    119.40  1688.12 
    119.50  1579.88 
    119.60  1813.62 
    119.70  1569.75 
    119.80  1826.50 
    119.90  1707.25 
    120.00  1653.25 
    120.10  1730.25 
    120.20  1770.50 
    120.30  1769.50 
    120.40  1696.00 
    120.50  1700.38 
    120.60  1711.38 
    120.70  1742.75 
    120.80  1669.88 
    120.90  1678.88 
    121.00  1809.25 
    121.10  1694.25 
    121.20  1746.38 
    121.30  1711.25 
    121.40  1695.62 
    121.50  1684.38 
    121.60  1755.88 
    121.70  1755.00 
    121.80  1763.25 
    121.90  1645.25 
    122.00  1656.50 
    122.10  1739.12 
    122.20  1699.12 
    122.30  1713.12 
    122.40  1649.88 
    122.50  1715.00 
    122.60  1737.62 
    122.70  1811.50 
    122.80  1703.25 
    122.90  1670.75 
    123.00  1738.88 
    123.10  1742.25 
    123.20  1767.50 
    123.30  1677.38 
    123.40  1795.88 
    123.50  1747.88 
    123.60  1743.38 
    123.70  1708.50 
    123.80  1697.50 
    123.90  1795.88 
    124.00  1650.25 
    124.10  1657.38 
    124.20  1727.88 
    124.30  1579.50 
    124.40  1609.25 
    124.50  1709.38 
    124.60  1691.62 
    124.70  1693.38 
    124.80  1772.38 
    124.90  1840.50 
    125.00  1692.38 
    125.10  1771.12 
    125.20  1759.50 
    125.30  1760.12 
    125.40  1638.38 
    125.50  1648.62 
    125.60  1742.38 
    125.70  1764.62 
    125.80  1736.75 
    125.90  1912.38 
    126.00  1803.38 
    126.10  1705.88 
    126.20  1771.50 
    126.30  1680.50 
    126.40  1715.62 
    126.50  1688.12 
    126.60  1631.62 
    126.70  1707.00 
    126.80  1707.62 
    126.90  1671.50 
    127.00  1606.50 
    127.10  1795.00 
    127.20  1762.75 
    127.30  1705.38 
    127.40  1729.62 
    127.50  1647.62 
    127.60  1771.12 
    127.70  1777.88 
    127.80  1730.12 
    127.90  1731.12 
    128.00  1759.62 
    128.10  1731.38 
    128.20  1701.25 
    128.30  1652.62 
    128.40  1678.25 
    128.50  1582.75 
    128.60  1706.88 
    128.70  1738.38 
    128.80  1704.62 
    128.90  1693.50 
    129.00  1766.25 
    129.10  1946.38 
    129.20  1796.75 
    129.30  1839.25 
    129.40  1756.25 
    129.50  1881.38 
    129.60  1885.38 
    129.70  1807.62 
    129.80  1675.50 
    129.90  1880.88 
    130.00  1860.12 
    130.10  1793.62 
    130.20  1768.62 
    130.30  1701.38 
    130.40  1678.12 
    130.50  1796.62 
    130.60  1752.62 
    130.70  1709.75 
    130.80  1765.50 
    130.90  1729.75 
    131.00  1905.12 
    131.10  1724.38 
    131.20  1658.62 
    131.30  1800.75 
    131.40  1657.38 
    131.50  1744.50 
    131.60  1734.50 
    131.70  1802.12 
    131.80  1751.50 
    131.90  1717.25 
    132.00  1779.38 
    132.10  1717.12 
    132.20  1815.25 
    132.30  1752.00 
    132.40  1743.12 
    132.50  1759.50 
    132.60  1708.12 
    132.70  1700.25 
    132.80  1767.50 
    132.90  1682.50 
    133.00  1738.00 
    133.10  1703.38 
    133.20  1739.38 
    133.30  1784.25 
    133.40  1717.25 
    133.50  1793.25 
    133.60  1758.62 
    133.70  1740.75 
    133.80  1734.25 
    133.90  1745.25 
    134.00  1619.88 
    134.10  1758.88 
    134.20  1821.88 
    134.30  1749.12 
    134.40  1729.12 
    134.50  1706.50 
    134.60  1752.62 
    134.70  1720.50 
    134.80  1805.38 
    134.90  1807.75 
    135.00  1770.12 
    135.10  1853.62 
    135.20  1799.25 
    135.30  1716.25 
    135.40  1805.00 
    135.50  1726.88 
    135.60  1723.12 
    135.70  1663.88 
    135.80  1695.38 
    135.90  1744.38 
    136.00  1674.62 
    136.10  1722.38 
    136.20  1746.00 
    136.30  1729.62 
    136.40  1758.62 
    136.50  1756.62 
    136.60  1699.88 
    136.70  1756.25 
    136.80  1803.38 
    136.90  1763.00 
    137.00  1646.38 
    137.10  1715.50 
    137.20  1716.38 
    137.30  1755.38 
    137.40  1694.75 
    137.50  1797.75 
    137.60  1728.00 
    137.70  1763.25 
    137.80  1862.88 
    137.90  1745.38 
    138.00  1807.88 
    138.10  1827.25 
    138.20  1768.50 
    138.30  1736.88 
    138.40  1773.38 
    138.50  1762.75 
    138.60  1739.50 
    138.70  1716.50 
    138.80  1641.25 
    138.90  1684.75 
    139.00  1695.50 
    139.10  1725.88 
    139.20  1654.38 
    139.30  1676.00 
    139.40  1689.50 
    139.50  1744.62 
    139.60  1677.50 
    139.70  1778.88 
    139.80  1753.62 
    139.90  1771.38 
    140.00  1771.25 
    140.10  1658.50 
    140.20  1801.25 
    140.30  1751.50 
    140.40  1651.75 
    140.50  1707.00 
    140.60  1759.62 
    140.70  1737.38 
    140.80  1640.75 
    140.90  1793.38 
    141.00  1740.25 
    141.10  1778.25 
    141.20  1754.62 
    141.30  1729.88 
    141.40  1731.50 
    141.50  1649.88 
    141.60  1700.50 
    141.70  1647.38 
    141.80  1712.38 
    141.90  1727.75 
    142.00  1737.12 
    142.10  1815.38 
    142.20  1717.62 
    142.30  1657.38 
    142.40  1709.75 
    142.50  1700.50 
    142.60  1654.25 
    142.70  1680.75 
    142.80  1654.00 
    142.90  1685.75 
    143.00  1644.50 
    143.10  1748.38 
    143.20  1684.62 
    143.30  1642.00 
    143.40  1638.00 
    143.50  1649.00 
    143.60  1681.50 
    143.70  1748.25 
    143.80  1795.88 
    143.90  1700.25 
    144.00  1681.75 
    144.10  1618.00 
    144.20  1705.88 
    144.30  1741.25 
    144.40  1677.88 
    144.50  1759.38 
    144.60  1774.12 
    144.70  1758.12 
    144.80  1647.12 
    144.90  1601.50 
    145.00  1756.88 
    145.10  1700.62 
    145.20  1757.25 
    145.30  1680.12 
    145.40  1687.88 
    145.50  1657.25 
    145.60  1732.12 
    145.70  1782.50 
    145.80  1655.62 
    145.90  1684.88 
    146.00  1692.88 
    146.10  1627.62 
    146.20  1679.50 
    146.30  1593.12 
    146.40  1690.00 
    146.50  1826.75 
    146.60  1715.75 
    146.70  1801.62 
    146.80  1732.25 
    146.90  1774.38 
    147.00  1772.62 
    147.10  1905.25 
    147.20  1832.75 
    147.30  1823.50 
    147.40  1832.25 
    147.50  1788.12 
    147.60  1766.12 
    147.70  1705.50 
    147.80  1766.12 
    147.90  1736.25 
    148.00  1662.25 
    148.10  1754.88 
    148.20  1777.12 
    148.30  1727.50 
    148.40  1743.12 
    148.50  1754.62 
    148.60  1700.38 
    148.70  1809.12 
    148.80  1735.12 
    148.90  1782.50 
    149.00  1705.25 
    149.10  1714.62 
    149.20  1856.75 
    149.30  1740.50 
    149.40  1705.75 
    149.50  1798.75 
    149.60  1800.12 
    149.70  1682.88 
    149.80  1799.62 
    149.90  1738.25 
    150.00  1686.25 
    150.10  1853.00 
    150.20  1745.12 
    150.30  1860.88 
    150.40  1780.38 
    150.50  1613.00 
    150.60  1680.62 
    150.70  1630.75 
    150.80  1767.75 
    150.90  1692.62 
    151.00  1727.38 
    151.10  1705.88 
    151.20  1744.12 
    151.30  1605.12 
    151.40  1686.62 
    151.50  1671.88 
    151.60  1618.25 
    151.70  1758.38 
    151.80  1673.38 
    151.90  1655.12 
    152.00  1688.75 
    152.10  1762.50 
    152.20  1747.50 
    152.30  1770.62 
    152.40  1669.25 
    152.50  1682.62 
    152.60  1787.25 
    152.70  1621.25 
    152.80  1734.62 
    152.90  1615.25 
    153.00  1626.50 
    153.10  1702.62 
    153.20  1641.12 
    153.30  1656.25 
    153.40  1647.25 
    153.50  1629.50 
    153.60  1711.50 
    153.70  1658.25 
    153.80  1699.38 
    153.90  1632.25 
    154.00  1636.00 
    154.10  1656.62 
    154.20  1740.88 
    154.30  1697.62 
    154.40  1760.38 
    154.50  1739.25 
    154.60  1545.62 
    154.70  1642.25 
    154.80  1697.38 
    154.90  1731.75 
    155.00  1637.88 
    155.10  1624.00 
    155.20  1647.88 
    155.30  1646.75 
    155.40  1667.25 
    155.50  1637.88 
    155.60  1702.25 
    155.70  1713.50 
    155.80  1773.75 
    155.90  1737.12 
    156.00  1648.12 
    156.10  1624.75 
    156.20  1806.75 
    156.30  1717.25 
    156.40  1692.75 
    156.50  1668.00 
    156.60  1746.75 
    156.70  1677.00 
    156.80  1717.75 
    156.90  1628.62 
    157.00  1608.25 
    157.10  1747.38 
    157.20  1750.75 
    157.30  1795.25 
    157.40  1789.75 
    157.50  1683.25 
    157.60  1591.25 
    157.70  1717.62 
    157.80  1741.88 
    157.90  1782.75 
    158.00  1652.88 
    158.10  1794.25 
    158.20  1832.62 
    158.30  1745.38 
    158.40  1645.38 
    158.50  1725.75 
    158.60  1778.88 
    158.70  1653.75 
    158.80  1709.38 
    158.90  1681.38 
    159.00  1765.62 
    159.10  1700.50 
    159.20  1703.75 
    159.30  1704.00 
    159.40  1760.50 
    159.50  1687.00 
    159.60  1723.88 
    159.70  1702.50 
    159.80  1686.25 
    159.90  1659.38 
    160.00  1632.00 
    160.10  1574.75 
    160.20  1717.75 
    160.30  1703.00 
    160.40  1655.75 
    160.50  1678.50 
    160.60  1720.88 
    160.70  1788.38 
    160.80  1772.50 
    160.90  1700.12 
    161.00  1761.00 
    161.10  1660.38 
    161.20  1900.38 
    161.30  1708.38 
    161.40  1722.12 
    161.50  1716.12 
    161.60  1732.00 
    161.70  1664.50 
    161.80  1747.12 
    161.90  1695.00 
    162.00  1738.00 
    162.10  1864.00 
    162.20  1750.62 
    162.30  1686.00 
    162.40  1644.12 
    162.50  1685.00 
    162.60  1652.88 
    162.70  1791.25 
    162.80  1720.25 
    162.90  1742.25 
    163.00  1729.38 
    163.10  1678.88 
    163.20  1850.75 
    163.30  1794.50 
    163.40  1680.38 
    163.50  1622.25 
    163.60  1733.12 
    163.70  1663.12 
    163.80  1678.38 
    163.90  1703.62 
    164.00  1583.88 
    164.10  1683.25 
    164.20  1673.12 
    164.30  1670.25 
    164.40  1667.88 
    164.50  1665.38 
    164.60  1730.12 
    164.70  1711.12 
    164.80  1681.38 
    164.90  1646.38 
    165.00  1673.25 
    165.10  1674.88 
    165.20  1703.50 
    165.30  1674.50 
    165.40  1625.25 
    165.50  1719.00 
    165.60  1717.75 
    165.70  1643.62 
    165.80  1729.75 
    165.90  1774.50 
    166.00  1727.50 
    166.10  1543.75 
    166.20  1735.50 
    166.30  1735.38 
    166.40  1749.00 
    166.50  1652.38 
    166.60  1838.12 
    166.70  1573.88 
    166.80  1671.00 
    166.90  1748.00 
    167.00  1609.75 
    167.10  1701.50 
    167.20  1699.50 
    167.30  1710.12 
    167.40  1715.75 
    167.50  1852.50 
    167.60  1675.00 
    167.70  1708.62 
    167.80  1786.38 
    167.90  1812.50 
    168.00  1614.50 
    168.10  1625.25 
    168.20  1731.25 
    168.30  1724.62 
    168.40  1690.12 
    168.50  1522.12 
    168.60  1612.38 
    168.70  1746.50 
    168.80  1618.75 
    168.90  1621.12 
    169.00  1729.25 
    169.10  1653.50 
    169.20  1552.12 
    169.30  1705.38 
    169.40  1763.38 
    169.50  1572.50 
    169.60  1613.25 
    169.70  1667.62 
    169.80  1646.12 
    169.90  1681.62 
    170.00  1780.00 
    170.10  1797.50 
    170.20  1910.62 
    170.30  1859.25 
    170.40  1805.50 
    170.50  1699.00 
    170.60  1776.75 
    170.70  1745.62 
    170.80  1596.38 
    170.90  1639.50 
    171.00  1662.88 
    171.10  1707.25 
    171.20  1543.88 
    171.30  1728.88 
    171.40  1719.75 
    171.50  1653.88 
    171.60  1640.12 
    171.70  1676.88 
    171.80  1752.50 
    171.90  1731.62 
    172.00  1692.75 
    172.10  1748.25 
    172.20  1716.50 
    172.30  1774.62 
    172.40  1751.88 
    172.50  1715.50 
    172.60  1791.75 
    172.70  1794.12 
    172.80  1760.75 
    172.90  1707.25 
    173.00  1726.62 
    173.10  1706.00 
    173.20  1752.62 
    173.30  1758.50 
    173.40  1727.75 
    173.50  1749.38 
    173.60  1781.88 
    173.70  1746.25 
    173.80  1713.00 
    173.90  1704.50 
    174.00  1763.88 
    174.10  1754.50 
    174.20  1709.62 
    174.30  1746.50 
    174.40  1783.00 
    174.50  1671.12 
    174.60  1891.50 
    174.70  1583.12 
    174.80  1797.75 
    174.90  1699.25 
    175.00  1728.88 
    175.10  1805.00 
    175.20  1832.88 
    175.30  1824.62 
    175.40  1771.88 
    175.50  1819.50 
    175.60  1704.38 
    175.70  1810.00 
    175.80  1757.12 
    175.90  1800.50 
    176.00  1789.75 
    176.10  1759.62 
    176.20  1736.62 
    176.30  1752.38 
    176.40  1727.88 
    176.50  1755.50 
    176.60  1784.75 
    176.70  1760.62 
    176.80  1712.38 
    176.90  1676.38 
    177.00  1698.12 
    177.10  1790.12 
    177.20  1753.50 
    177.30  1810.50 
    177.40  1758.12 
    177.50  1741.62 
    177.60  1794.25 
    177.70  1714.12 
    177.80  1737.88 
    177.90  1775.88 
    178.00  1758.38 
    178.10  1768.75 
    178.20  1715.25 
    178.30  1702.12 
    178.40  1769.50 
    178.50  1755.75 
    178.60  1764.88 
    178.70  1693.88 
    178.80  1669.62 
    178.90  1657.38 
    179.00  1829.00 
    179.10  1765.50 
    179.20  1729.50 
    179.30  1796.12 
    179.40  1780.88 
    179.50  1848.25 
    179.60  1777.75 
    179.70  1730.25 
    179.80  1678.12 
    179.90  1711.12 
