      Time   barrel 
      0.00  1884.88 
      0.10  1833.38 
      0.20  1971.12 
      0.30  2055.38 
      0.40  1947.00 
      0.50  1919.75 
      0.60  2005.25 
      0.70  1966.62 
      0.80  1711.62 
      0.90  1615.75 
      1.00  1687.25 
      1.10  1737.25 
      1.20  1460.25 
      1.30  1770.50 
      1.40  1823.50 
      1.50  1855.38 
      1.60  1636.12 
      1.70  1666.75 
      1.80  1757.88 
      1.90  1560.88 
      2.00  1515.88 
      2.10  1761.50 
      2.20  1615.62 
      2.30  1597.62 
      2.40  1562.00 
      2.50  1711.50 
      2.60  1719.62 
      2.70  1649.12 
      2.80  1610.50 
      2.90  1969.75 
      3.00  1978.88 
      3.10  1928.62 
      3.20  1906.38 
      3.30  1773.62 
      3.40  1960.00 
      3.50  2116.88 
      3.60  1932.88 
      3.70  1823.88 
      3.80  1971.50 
      3.90  1866.88 
      4.00  1678.62 
      4.10  1805.75 
      4.20  1744.75 
      4.30  1657.75 
      4.40  1428.00 
      4.50  1573.25 
      4.60  1638.25 
      4.70  1579.88 
      4.80  1613.88 
      4.90  1800.62 
      5.00  1888.00 
      5.10  1988.38 
      5.20  1903.50 
      5.30  2092.50 
      5.40  2146.12 
      5.50  2055.00 
      5.60  2208.50 
      5.70  2031.50 
      5.80  1970.00 
      5.90  1995.25 
      6.00  2005.88 
      6.10  1868.00 
      6.20  1631.25 
      6.30  1439.50 
      6.40  1594.38 
      6.50  1612.00 
      6.60  1580.25 
      6.70  1513.25 
      6.80  1677.12 
      6.90  1637.88 
      7.00  1591.38 
      7.10  1582.12 
      7.20  1468.75 
      7.30  1804.88 
      7.40  1530.88 
      7.50  1534.25 
      7.60  1493.12 
      7.70  1509.50 
      7.80  1393.25 
      7.90  1617.38 
      8.00  1444.12 
      8.10  1542.38 
      8.20  1520.00 
      8.30  1538.25 
      8.40  1446.25 
      8.50  1508.00 
      8.60  1522.12 
      8.70  1456.25 
      8.80  1420.25 
      8.90  1694.38 
      9.00  1539.50 
      9.10  1455.00 
      9.20  1489.38 
      9.30  1631.50 
      9.40  1504.88 
      9.50  1472.00 
      9.60  1546.25 
      9.70  1583.12 
      9.80  1496.38 
      9.90  1552.38 
     10.00  1540.00 
     10.10  1523.38 
     10.20  1614.62 
     10.30  1678.00 
     10.40  1569.62 
     10.50  1766.62 
     10.60  1646.62 
     10.70  1401.00 
     10.80  1559.00 
     10.90  1502.38 
     11.00  1609.00 
     11.10  1707.12 
     11.20  1627.75 
     11.30  1746.62 
     11.40  1586.25 
     11.50  1750.00 
     11.60  1622.25 
     11.70  1651.75 
     11.80  1686.12 
     11.90  1610.12 
     12.00  1659.75 
     12.10  1636.00 
     12.20  1621.75 
     12.30  1637.38 
     12.40  1622.75 
     12.50  1571.62 
     12.60  1563.00 
     12.70  1611.88 
     12.80  1668.38 
     12.90  1511.25 
     13.00  1578.50 
     13.10  1721.25 
     13.20  1446.38 
     13.30  1555.12 
     13.40  1696.38 
     13.50  1770.62 
     13.60  1594.25 
     13.70  1610.75 
     13.80  1650.50 
     13.90  1679.12 
     14.00  1635.25 
     14.10  1695.88 
     14.20  1726.00 
     14.30  1702.88 
     14.40  1754.12 
     14.50  1538.75 
     14.60  1652.75 
     14.70  1535.50 
     14.80  1517.88 
     14.90  1606.62 
     15.00  1360.50 
     15.10  1503.12 
     15.20  1474.75 
     15.30  1400.38 
     15.40  1468.12 
     15.50  1478.38 
     15.60  1236.50 
     15.70  1317.88 
     15.80  1377.12 
     15.90  1602.38 
     16.00  1409.62 
     16.10  1361.25 
     16.20  1246.50 
     16.30  1196.12 
     16.40  1528.12 
     16.50  1527.12 
     16.60  1484.25 
     16.70  1410.62 
     16.80  1461.00 
     16.90  1310.62 
     17.00  1332.62 
     17.10  1271.25 
     17.20  1404.38 
     17.30  1359.38 
     17.40  1516.75 
     17.50  1532.88 
     17.60  1587.62 
     17.70  1534.75 
     17.80  1363.62 
     17.90  1635.38 
     18.00  1674.62 
     18.10  1478.62 
     18.20  1432.00 
     18.30  1597.38 
     18.40  1551.00 
     18.50  1515.12 
     18.60  1552.75 
     18.70  1516.62 
     18.80  1582.00 
     18.90  1494.00 
     19.00  1420.50 
     19.10  1435.75 
     19.20  1386.12 
     19.30  1407.00 
     19.40  1422.75 
     19.50  1408.88 
     19.60  1487.50 
     19.70  1372.25 
     19.80  1488.25 
     19.90  1451.50 
     20.00  1648.00 
     20.10  1424.00 
     20.20  1400.38 
     20.30  1476.75 
     20.40  1596.00 
     20.50  1539.25 
     20.60  1447.75 
     20.70  1574.12 
     20.80  1354.75 
     20.90  1349.88 
     21.00  1518.38 
     21.10  1379.50 
     21.20  1467.75 
     21.30  1500.12 
     21.40  1453.12 
     21.50  1480.00 
     21.60  1364.75 
     21.70  1251.62 
     21.80  1457.50 
     21.90  1447.62 
     22.00  1390.88 
     22.10  1418.12 
     22.20  1342.88 
     22.30  1355.88 
     22.40  1477.00 
     22.50  1414.88 
     22.60  1396.62 
     22.70  1555.50 
     22.80  1456.38 
     22.90  1359.38 
     23.00  1501.38 
     23.10  1345.50 
     23.20  1350.88 
     23.30  1272.88 
     23.40  1412.12 
     23.50  1199.38 
     23.60  1429.75 
     23.70  1378.88 
     23.80  1370.88 
     23.90  1397.88 
     24.00  1301.00 
     24.10  1317.12 
     24.20  1437.38 
     24.30  1389.25 
     24.40  1544.88 
     24.50  1400.25 
     24.60  1359.75 
     24.70  1469.50 
     24.80  1536.25 
     24.90  1374.75 
     25.00  1393.38 
     25.10  1434.25 
     25.20  1426.62 
     25.30  1385.50 
     25.40  1547.00 
     25.50  1318.00 
     25.60  1312.50 
     25.70  1424.50 
     25.80  1406.50 
     25.90  1523.62 
     26.00  1451.62 
     26.10  1461.00 
     26.20  1404.12 
     26.30  1381.62 
     26.40  1539.62 
     26.50  1491.88 
     26.60  1418.62 
     26.70  1515.25 
     26.80  1387.62 
     26.90  1314.50 
     27.00  1559.50 
     27.10  1366.25 
     27.20  1367.62 
     27.30  1383.75 
     27.40  1442.88 
     27.50  1426.00 
     27.60  1534.12 
     27.70  1366.12 
     27.80  1426.62 
     27.90  1519.00 
     28.00  1374.62 
     28.10  1556.25 
     28.20  1428.75 
     28.30  1537.88 
     28.40  1499.12 
     28.50  1423.12 
     28.60  1372.38 
     28.70  1544.00 
     28.80  1432.38 
     28.90  1291.75 
     29.00  1384.38 
     29.10  1513.75 
     29.20  1339.38 
     29.30  1454.12 
     29.40  1283.62 
     29.50  1404.12 
     29.60  1396.12 
     29.70  1433.62 
     29.80  1355.50 
     29.90  1438.88 
     30.00  1412.88 
     30.10  1466.50 
     30.20  1485.50 
     30.30  1477.62 
     30.40  1415.00 
     30.50  1664.50 
     30.60  1449.75 
     30.70  1448.25 
     30.80  1304.88 
     30.90  1410.12 
     31.00  1172.88 
     31.10  1360.88 
     31.20  1432.00 
     31.30  1507.38 
     31.40  1469.00 
     31.50  1364.88 
     31.60  1380.62 
     31.70  1479.62 
     31.80  1530.75 
     31.90  1461.75 
     32.00  1730.75 
     32.10  1668.62 
     32.20  1532.25 
     32.30  1511.25 
     32.40  1482.88 
     32.50  1467.50 
     32.60  1503.62 
     32.70  1488.75 
     32.80  1633.38 
     32.90  1721.50 
     33.00  1853.38 
     33.10  1729.12 
     33.20  1742.62 
     33.30  1792.00 
     33.40  1760.75 
     33.50  1533.88 
     33.60  1641.88 
     33.70  1602.00 
     33.80  1637.00 
     33.90  1607.75 
     34.00  1568.38 
     34.10  1796.75 
     34.20  1703.75 
     34.30  1614.75 
     34.40  1390.62 
     34.50  1514.75 
     34.60  1487.12 
     34.70  1536.50 
     34.80  1663.62 
     34.90  1532.38 
     35.00  1585.62 
     35.10  1443.88 
     35.20  1515.38 
     35.30  1704.50 
     35.40  1433.12 
     35.50  1536.62 
     35.60  1567.00 
     35.70  1633.75 
     35.80  1635.50 
     35.90  1614.50 
     36.00  1653.25 
     36.10  1674.00 
     36.20  1524.75 
     36.30  1385.75 
     36.40  1550.38 
     36.50  1580.12 
     36.60  1563.12 
     36.70  1663.25 
     36.80  1587.50 
     36.90  1263.00 
     37.00  1649.38 
     37.10  1549.88 
     37.20  1446.88 
     37.30  1792.62 
     37.40  1649.88 
     37.50  1747.00 
     37.60  1757.38 
     37.70  1476.50 
     37.80  1446.12 
     37.90  1793.25 
     38.00  1754.38 
     38.10  1591.12 
     38.20  1524.12 
     38.30  1558.38 
     38.40  1671.50 
     38.50  1636.75 
     38.60  1646.38 
     38.70  1734.12 
     38.80  1545.12 
     38.90  1627.25 
     39.00  1551.38 
     39.10  1718.50 
     39.20  1605.00 
     39.30  1671.88 
     39.40  1729.75 
     39.50  1739.50 
     39.60  1626.88 
     39.70  1565.50 
     39.80  1528.50 
     39.90  1456.38 
     40.00  1439.88 
     40.10  1437.88 
     40.20  1651.88 
     40.30  1582.00 
     40.40  1534.88 
     40.50  1455.75 
     40.60  1566.50 
     40.70  1634.12 
     40.80  1512.75 
     40.90  1458.75 
     41.00  1547.25 
     41.10  1570.25 
     41.20  1708.00 
     41.30  1700.88 
     41.40  1581.12 
     41.50  1590.88 
     41.60  1525.25 
     41.70  1566.12 
     41.80  1525.88 
     41.90  1639.25 
     42.00  1624.25 
     42.10  1539.62 
     42.20  1601.00 
     42.30  1754.25 
     42.40  1729.50 
     42.50  1872.75 
     42.60  1743.62 
     42.70  1813.88 
     42.80  1718.50 
     42.90  1663.25 
     43.00  1726.25 
     43.10  1784.38 
     43.20  1674.25 
     43.30  1760.25 
     43.40  1802.25 
     43.50  1678.25 
     43.60  1685.62 
     43.70  1532.12 
     43.80  1445.12 
     43.90  1605.75 
     44.00  1535.12 
     44.10  1433.38 
     44.20  1462.62 
     44.30  1517.75 
     44.40  1424.38 
     44.50  1398.38 
     44.60  1600.88 
     44.70  1495.75 
     44.80  1565.38 
     44.90  1572.75 
     45.00  1628.75 
     45.10  1622.62 
     45.20  1576.12 
     45.30  1732.62 
     45.40  1552.25 
     45.50  1478.38 
     45.60  1602.88 
     45.70  1514.12 
     45.80  1520.00 
     45.90  1461.50 
     46.00  1515.75 
     46.10  1429.50 
     46.20  1507.88 
     46.30  1549.62 
     46.40  1643.12 
     46.50  1517.88 
     46.60  1451.50 
     46.70  1485.75 
     46.80  1634.62 
     46.90  1587.88 
     47.00  1779.38 
     47.10  1733.62 
     47.20  1714.75 
     47.30  1569.38 
     47.40  1612.25 
     47.50  1629.50 
     47.60  1611.50 
     47.70  1657.12 
     47.80  1759.12 
     47.90  1601.75 
     48.00  1699.12 
     48.10  1595.88 
     48.20  1740.38 
     48.30  1562.75 
     48.40  1586.25 
     48.50  1662.62 
     48.60  1588.25 
     48.70  1703.50 
     48.80  1650.75 
     48.90  1591.75 
     49.00  1685.75 
     49.10  1737.00 
     49.20  1678.38 
     49.30  1791.38 
     49.40  1742.25 
     49.50  1583.62 
     49.60  1817.25 
     49.70  1738.50 
     49.80  1681.25 
     49.90  1671.50 
     50.00  1690.12 
     50.10  1657.25 
     50.20  1722.25 
     50.30  1681.88 
     50.40  1588.25 
     50.50  1695.12 
     50.60  1564.25 
     50.70  1484.50 
     50.80  1538.50 
     50.90  1646.75 
     51.00  1626.62 
     51.10  1642.75 
     51.20  1600.25 
     51.30  1732.75 
     51.40  1600.00 
     51.50  1608.25 
     51.60  1666.75 
     51.70  1650.88 
     51.80  1631.00 
     51.90  1597.62 
     52.00  1697.75 
     52.10  1658.88 
     52.20  1655.12 
     52.30  1655.88 
     52.40  1559.12 
     52.50  1573.12 
     52.60  1600.12 
     52.70  1584.50 
     52.80  1494.75 
     52.90  1672.38 
     53.00  1588.50 
     53.10  1557.00 
     53.20  1560.75 
     53.30  1523.62 
     53.40  1496.62 
     53.50  1611.62 
     53.60  1622.00 
     53.70  1597.75 
     53.80  1533.50 
     53.90  1510.25 
     54.00  1534.00 
     54.10  1666.75 
     54.20  1688.75 
     54.30  1695.62 
     54.40  1670.62 
     54.50  1687.25 
     54.60  1648.75 
     54.70  1549.00 
     54.80  1665.62 
     54.90  1613.88 
     55.00  1703.75 
     55.10  1664.00 
     55.20  1654.25 
     55.30  1742.62 
     55.40  1676.88 
     55.50  1592.12 
     55.60  1703.88 
     55.70  1635.50 
     55.80  1628.62 
     55.90  1613.88 
     56.00  1641.12 
     56.10  1597.00 
     56.20  1675.00 
     56.30  1647.38 
     56.40  1608.00 
     56.50  1589.88 
     56.60  1717.75 
     56.70  1635.75 
     56.80  1657.75 
     56.90  1665.75 
     57.00  1661.88 
     57.10  1636.25 
     57.20  1658.12 
     57.30  1448.00 
     57.40  1538.50 
     57.50  1451.75 
     57.60  1551.25 
     57.70  1591.62 
     57.80  1612.88 
     57.90  1669.12 
     58.00  1514.25 
     58.10  1725.00 
     58.20  1555.62 
     58.30  1533.50 
     58.40  1659.50 
     58.50  1615.75 
     58.60  1581.12 
     58.70  1708.50 
     58.80  1603.50 
     58.90  1645.00 
     59.00  1572.38 
     59.10  1472.50 
     59.20  1603.25 
     59.30  1669.62 
     59.40  1670.88 
     59.50  1653.25 
     59.60  1599.62 
     59.70  1772.62 
     59.80  1661.00 
     59.90  1575.25 
     60.00  1428.12 
     60.10  1540.75 
     60.20  1421.12 
     60.30  1583.12 
     60.40  1841.50 
     60.50  1732.62 
     60.60  1809.00 
     60.70  1754.12 
     60.80  1747.50 
     60.90  1587.38 
     61.00  1607.50 
     61.10  1665.12 
     61.20  1555.75 
     61.30  1644.88 
     61.40  1699.25 
     61.50  1602.12 
     61.60  1750.88 
     61.70  1684.75 
     61.80  1542.12 
     61.90  1589.50 
     62.00  1709.75 
     62.10  1636.88 
     62.20  1683.25 
     62.30  1572.62 
     62.40  1476.88 
     62.50  1576.38 
     62.60  1516.62 
     62.70  1558.50 
     62.80  1528.25 
     62.90  1521.25 
     63.00  1615.38 
     63.10  1778.12 
     63.20  1462.62 
     63.30  1346.88 
     63.40  1627.62 
     63.50  1580.12 
     63.60  1633.50 
     63.70  1552.12 
     63.80  1612.88 
     63.90  1677.62 
     64.00  1688.25 
     64.10  1631.88 
     64.20  1553.38 
     64.30  1560.25 
     64.40  1561.62 
     64.50  1617.50 
     64.60  1563.62 
     64.70  1534.75 
     64.80  1562.25 
     64.90  1467.50 
     65.00  1582.62 
     65.10  1340.88 
     65.20  1451.88 
     65.30  1542.38 
     65.40  1537.75 
     65.50  1513.62 
     65.60  1526.50 
     65.70  1475.88 
     65.80  1524.12 
     65.90  1522.25 
     66.00  1590.12 
     66.10  1502.62 
     66.20  1686.00 
     66.30  1638.25 
     66.40  1606.12 
     66.50  1665.50 
     66.60  1686.75 
     66.70  1684.38 
     66.80  1649.75 
     66.90  1650.88 
     67.00  1705.75 
     67.10  1633.50 
     67.20  1630.38 
     67.30  1578.50 
     67.40  1542.50 
     67.50  1590.62 
     67.60  1657.75 
     67.70  1662.12 
     67.80  1683.50 
     67.90  1580.25 
     68.00  1698.12 
     68.10  1598.00 
     68.20  1627.50 
     68.30  1529.12 
     68.40  1528.00 
     68.50  1563.62 
     68.60  1517.75 
     68.70  1526.38 
     68.80  1517.50 
     68.90  1587.25 
     69.00  1526.88 
     69.10  1355.00 
     69.20  1564.12 
     69.30  1468.62 
     69.40  1627.25 
     69.50  1613.62 
     69.60  1436.88 
     69.70  1555.25 
     69.80  1509.12 
     69.90  1539.75 
     70.00  1425.38 
     70.10  1573.25 
     70.20  1574.50 
     70.30  1557.25 
     70.40  1493.12 
     70.50  1675.75 
     70.60  1602.00 
     70.70  1451.25 
     70.80  1548.50 
     70.90  1475.12 
     71.00  1537.25 
     71.10  1483.50 
     71.20  1586.38 
     71.30  1665.00 
     71.40  1565.50 
     71.50  1498.75 
     71.60  1530.88 
     71.70  1589.88 
     71.80  1630.38 
     71.90  1622.25 
     72.00  1582.12 
     72.10  1404.50 
     72.20  1638.75 
     72.30  1647.00 
     72.40  1732.25 
     72.50  1554.00 
     72.60  1519.12 
     72.70  1476.38 
     72.80  1527.50 
     72.90  1564.00 
     73.00  1465.12 
     73.10  1607.00 
     73.20  1568.12 
     73.30  1621.25 
     73.40  1549.88 
     73.50  1575.62 
     73.60  1645.12 
     73.70  1510.00 
     73.80  1375.12 
     73.90  1478.12 
     74.00  1436.88 
     74.10  1454.75 
     74.20  1637.50 
     74.30  1623.88 
     74.40  1749.50 
     74.50  1722.25 
     74.60  1580.75 
     74.70  1514.00 
     74.80  1684.00 
     74.90  1551.88 
     75.00  1452.88 
     75.10  1542.38 
     75.20  1703.38 
     75.30  1548.38 
     75.40  1581.12 
     75.50  1441.62 
     75.60  1598.88 
     75.70  1637.62 
     75.80  1499.25 
     75.90  1605.88 
     76.00  1470.88 
     76.10  1521.50 
     76.20  1430.75 
     76.30  1553.50 
     76.40  1508.88 
     76.50  1506.75 
     76.60  1456.75 
     76.70  1459.25 
     76.80  1513.88 
     76.90  1469.75 
     77.00  1460.38 
     77.10  1587.12 
     77.20  1564.12 
     77.30  1601.38 
     77.40  1495.00 
     77.50  1564.75 
     77.60  1722.00 
     77.70  1557.62 
     77.80  1388.75 
     77.90  1523.38 
     78.00  1613.75 
     78.10  1553.38 
     78.20  1574.00 
     78.30  1674.12 
     78.40  1423.62 
     78.50  1455.12 
     78.60  1626.50 
     78.70  1553.62 
     78.80  1538.50 
     78.90  1548.62 
     79.00  1453.25 
     79.10  1338.38 
     79.20  1543.75 
     79.30  1616.62 
     79.40  1573.75 
     79.50  1482.38 
     79.60  1599.00 
     79.70  1563.50 
     79.80  1718.88 
     79.90  1536.88 
     80.00  1648.38 
     80.10  1556.75 
     80.20  1614.25 
     80.30  1524.12 
     80.40  1629.50 
     80.50  1477.50 
     80.60  1472.12 
     80.70  1590.38 
     80.80  1503.75 
     80.90  1455.75 
     81.00  1256.50 
     81.10  1327.62 
     81.20  1338.62 
     81.30  1237.50 
     81.40  1255.62 
     81.50  1274.12 
     81.60  1421.75 
     81.70  1438.38 
     81.80  1390.88 
     81.90  1420.75 
     82.00  1372.00 
     82.10  1317.50 
     82.20  1320.75 
     82.30  1292.25 
     82.40  1233.88 
     82.50  1423.62 
     82.60  1327.00 
     82.70  1336.38 
     82.80  1361.25 
     82.90  1313.50 
     83.00  1601.88 
     83.10  1407.75 
     83.20  1423.38 
     83.30  1359.25 
     83.40  1406.75 
     83.50  1349.75 
     83.60  1493.12 
     83.70  1365.38 
     83.80  1531.00 
     83.90  1509.38 
     84.00  1569.62 
     84.10  1506.50 
     84.20  1608.00 
     84.30  1507.38 
     84.40  1604.88 
     84.50  1589.88 
     84.60  1410.88 
     84.70  1405.00 
     84.80  1619.62 
     84.90  1442.62 
     85.00  1541.62 
     85.10  1485.88 
     85.20  1465.12 
     85.30  1508.00 
     85.40  1473.50 
     85.50  1544.12 
     85.60  1408.88 
     85.70  1418.50 
     85.80  1364.88 
     85.90  1346.00 
     86.00  1439.12 
     86.10  1493.62 
     86.20  1618.75 
     86.30  1483.88 
     86.40  1387.00 
     86.50  1439.00 
     86.60  1467.00 
     86.70  1547.25 
     86.80  1509.50 
     86.90  1344.88 
     87.00  1490.00 
     87.10  1461.38 
     87.20  1529.62 
     87.30  1444.00 
     87.40  1366.50 
     87.50  1452.88 
     87.60  1387.38 
     87.70  1406.50 
     87.80  1658.00 
     87.90  1465.25 
     88.00  1446.50 
     88.10  1451.88 
     88.20  1471.75 
     88.30  1486.75 
     88.40  1442.50 
     88.50  1482.25 
     88.60  1586.12 
     88.70  1440.12 
     88.80  1554.88 
     88.90  1492.12 
     89.00  1600.38 
     89.10  1555.25 
     89.20  1632.38 
     89.30  1717.38 
     89.40  1494.88 
     89.50  1521.00 
     89.60  1423.75 
     89.70  1557.25 
     89.80  1537.75 
     89.90  1555.38 
