      Time   barrel 
      0.00  1884.88 
      0.10  1823.62 
      0.20  1833.38 
      0.30  1830.00 
      0.40  1971.12 
      0.50  1970.00 
      0.60  2055.38 
      0.70  2282.12 
      0.80  1947.00 
      0.90  1983.88 
      1.00  1919.75 
      1.10  1969.50 
      1.20  2005.25 
      1.30  2010.38 
      1.40  1966.62 
      1.50  1790.38 
      1.60  1711.62 
      1.70  1610.62 
      1.80  1615.75 
      1.90  1592.38 
      2.00  1687.25 
      2.10  1780.38 
      2.20  1737.25 
      2.30  1545.38 
      2.40  1460.25 
      2.50  1524.12 
      2.60  1770.50 
      2.70  1761.12 
      2.80  1823.50 
      2.90  1636.25 
      3.00  1855.38 
      3.10  1753.62 
      3.20  1636.12 
      3.30  1741.25 
      3.40  1666.75 
      3.50  1626.12 
      3.60  1757.88 
      3.70  1611.25 
      3.80  1560.88 
      3.90  1357.38 
      4.00  1515.88 
      4.10  1746.62 
      4.20  1761.50 
      4.30  1471.88 
      4.40  1615.62 
      4.50  1575.00 
      4.60  1597.62 
      4.70  1580.50 
      4.80  1562.00 
      4.90  1454.12 
      5.00  1711.50 
      5.10  1647.12 
      5.20  1719.62 
      5.30  1807.62 
      5.40  1649.12 
      5.50  1644.00 
      5.60  1610.50 
      5.70  1906.12 
      5.80  1969.75 
      5.90  2041.75 
      6.00  1978.88 
      6.10  2022.88 
      6.20  1928.62 
      6.30  2017.38 
      6.40  1906.38 
      6.50  1758.75 
      6.60  1773.62 
      6.70  1759.25 
      6.80  1960.00 
      6.90  2026.38 
      7.00  2116.88 
      7.10  2021.38 
      7.20  1932.88 
      7.30  1912.50 
      7.40  1823.88 
      7.50  1871.50 
      7.60  1971.50 
      7.70  2038.00 
      7.80  1866.88 
      7.90  1892.00 
      8.00  1678.62 
      8.10  1823.12 
      8.20  1805.75 
      8.30  1684.00 
      8.40  1744.75 
      8.50  1591.25 
      8.60  1657.75 
      8.70  1576.12 
      8.80  1428.00 
      8.90  1541.25 
      9.00  1573.25 
      9.10  1885.00 
      9.20  1638.25 
      9.30  1731.75 
      9.40  1579.88 
      9.50  1493.62 
      9.60  1613.88 
      9.70  1766.62 
      9.80  1800.62 
      9.90  1849.12 
     10.00  1888.00 
     10.10  1916.00 
     10.20  1988.38 
     10.30  1846.75 
     10.40  1903.50 
     10.50  2287.50 
     10.60  2092.50 
     10.70  2042.50 
     10.80  2146.12 
     10.90  2031.25 
     11.00  2055.00 
     11.10  2022.12 
     11.20  2208.50 
     11.30  1952.00 
     11.40  2031.50 
     11.50  2017.38 
     11.60  1970.00 
     11.70  1859.62 
     11.80  1995.25 
     11.90  2116.88 
     12.00  2005.88 
     12.10  1920.12 
     12.20  1868.00 
     12.30  1768.88 
     12.40  1631.25 
     12.50  1748.12 
     12.60  1439.50 
     12.70  1492.12 
     12.80  1594.38 
     12.90  1599.38 
     13.00  1612.00 
     13.10  1556.62 
     13.20  1580.25 
     13.30  1710.75 
     13.40  1513.25 
     13.50  1583.12 
     13.60  1677.12 
     13.70  1691.75 
     13.80  1637.88 
     13.90  1664.50 
     14.00  1591.38 
     14.10  1609.62 
     14.20  1582.12 
     14.30  1645.25 
     14.40  1468.75 
     14.50  1456.38 
     14.60  1804.88 
     14.70  1478.25 
     14.80  1530.88 
     14.90  1558.38 
     15.00  1534.25 
     15.10  1470.25 
     15.20  1493.12 
     15.30  1508.25 
     15.40  1509.50 
     15.50  1612.88 
     15.60  1393.25 
     15.70  1404.88 
     15.80  1617.38 
     15.90  1465.25 
     16.00  1444.12 
     16.10  1529.25 
     16.20  1542.38 
     16.30  1447.50 
     16.40  1520.00 
     16.50  1373.25 
     16.60  1538.25 
     16.70  1432.38 
     16.80  1446.25 
     16.90  1472.50 
     17.00  1508.00 
     17.10  1430.50 
     17.20  1522.12 
     17.30  1467.00 
     17.40  1456.25 
     17.50  1491.88 
     17.60  1420.25 
     17.70  1406.25 
     17.80  1694.38 
     17.90  1540.50 
     18.00  1539.50 
     18.10  1496.88 
     18.20  1455.00 
     18.30  1488.38 
     18.40  1489.38 
     18.50  1573.00 
     18.60  1631.50 
     18.70  1569.50 
     18.80  1504.88 
     18.90  1553.62 
     19.00  1472.00 
     19.10  1571.12 
     19.20  1546.25 
     19.30  1460.25 
     19.40  1583.12 
     19.50  1762.38 
     19.60  1496.38 
     19.70  1567.88 
     19.80  1552.38 
     19.90  1548.50 
     20.00  1540.00 
     20.10  1684.38 
     20.20  1523.38 
     20.30  1488.50 
     20.40  1614.62 
     20.50  1491.12 
     20.60  1678.00 
     20.70  1470.50 
     20.80  1569.62 
     20.90  1725.75 
     21.00  1766.62 
     21.10  1542.50 
     21.20  1646.62 
     21.30  1659.12 
     21.40  1401.00 
     21.50  1518.12 
     21.60  1559.00 
     21.70  1673.38 
     21.80  1502.38 
     21.90  1504.38 
     22.00  1609.00 
     22.10  1669.12 
     22.20  1707.12 
     22.30  1689.88 
     22.40  1627.75 
     22.50  1783.88 
     22.60  1746.62 
     22.70  1737.12 
     22.80  1586.25 
     22.90  1665.75 
     23.00  1750.00 
     23.10  1670.25 
     23.20  1622.25 
     23.30  1639.75 
     23.40  1651.75 
     23.50  1555.50 
     23.60  1686.12 
     23.70  1579.88 
     23.80  1610.12 
     23.90  1504.75 
     24.00  1659.75 
     24.10  1606.88 
     24.20  1636.00 
     24.30  1682.12 
     24.40  1621.75 
     24.50  1564.38 
     24.60  1637.38 
     24.70  1628.88 
     24.80  1622.75 
     24.90  1657.62 
     25.00  1571.62 
     25.10  1511.00 
     25.20  1563.00 
     25.30  1620.38 
     25.40  1611.88 
     25.50  1530.00 
     25.60  1668.38 
     25.70  1398.25 
     25.80  1511.25 
     25.90  1609.25 
     26.00  1578.50 
     26.10  1615.88 
     26.20  1721.25 
     26.30  1493.38 
     26.40  1446.38 
     26.50  1551.25 
     26.60  1555.12 
     26.70  1708.88 
     26.80  1696.38 
     26.90  1684.38 
     27.00  1770.62 
     27.10  1729.88 
     27.20  1594.25 
     27.30  1687.75 
     27.40  1610.75 
     27.50  1576.38 
     27.60  1650.50 
     27.70  1624.75 
     27.80  1679.12 
     27.90  1615.12 
     28.00  1635.25 
     28.10  1787.25 
     28.20  1695.88 
     28.30  1755.50 
     28.40  1726.00 
     28.50  1696.50 
     28.60  1702.88 
     28.70  1867.25 
     28.80  1754.12 
     28.90  2028.88 
     29.00  1538.75 
     29.10  1561.62 
     29.20  1652.75 
     29.30  1713.75 
     29.40  1535.50 
     29.50  1440.00 
     29.60  1517.88 
     29.70  1442.50 
     29.80  1606.62 
     29.90  1549.75 
     30.00  1360.50 
     30.10  1475.88 
     30.20  1503.12 
     30.30  1469.25 
     30.40  1474.75 
     30.50  1474.88 
     30.60  1400.38 
     30.70  1290.75 
     30.80  1468.12 
     30.90  1437.50 
     31.00  1478.38 
     31.10  1363.12 
     31.20  1236.50 
     31.30  1361.50 
     31.40  1317.88 
     31.50  1330.88 
     31.60  1377.12 
     31.70  1269.50 
     31.80  1602.38 
     31.90  1382.75 
     32.00  1409.62 
     32.10  1422.38 
     32.20  1361.25 
     32.30  1366.25 
     32.40  1246.50 
     32.50  1231.88 
     32.60  1196.12 
     32.70  1483.12 
     32.80  1528.12 
     32.90  1526.50 
     33.00  1527.12 
     33.10  1485.75 
     33.20  1484.25 
     33.30  1390.12 
     33.40  1410.62 
     33.50  1425.62 
     33.60  1461.00 
     33.70  1420.00 
     33.80  1310.62 
     33.90  1420.88 
     34.00  1332.62 
     34.10  1391.88 
     34.20  1271.25 
     34.30  1482.50 
     34.40  1404.38 
     34.50  1461.25 
     34.60  1359.38 
     34.70  1453.12 
     34.80  1516.75 
     34.90  1477.00 
     35.00  1532.88 
     35.10  1529.38 
     35.20  1587.62 
     35.30  1361.38 
     35.40  1534.75 
     35.50  1428.62 
     35.60  1363.62 
     35.70  1490.62 
     35.80  1635.38 
     35.90  1486.62 
     36.00  1674.62 
     36.10  1517.00 
     36.20  1478.62 
     36.30  1552.00 
     36.40  1432.00 
     36.50  1572.50 
     36.60  1597.38 
     36.70  1427.88 
     36.80  1551.00 
     36.90  1482.75 
     37.00  1515.12 
     37.10  1516.75 
     37.20  1552.75 
     37.30  1560.38 
     37.40  1516.62 
     37.50  1487.00 
     37.60  1582.00 
     37.70  1618.25 
     37.80  1494.00 
     37.90  1506.00 
     38.00  1420.50 
     38.10  1467.50 
     38.20  1435.75 
     38.30  1618.25 
     38.40  1386.12 
     38.50  1436.38 
     38.60  1407.00 
     38.70  1457.75 
     38.80  1422.75 
     38.90  1496.12 
     39.00  1408.88 
     39.10  1346.88 
     39.20  1487.50 
     39.30  1374.12 
     39.40  1372.25 
     39.50  1417.62 
     39.60  1488.25 
     39.70  1520.38 
     39.80  1451.50 
     39.90  1582.62 
     40.00  1648.00 
     40.10  1397.75 
     40.20  1424.00 
     40.30  1508.50 
     40.40  1400.38 
     40.50  1306.12 
     40.60  1476.75 
     40.70  1537.62 
     40.80  1596.00 
     40.90  1645.00 
     41.00  1539.25 
     41.10  1482.38 
     41.20  1447.75 
     41.30  1461.88 
     41.40  1574.12 
     41.50  1383.00 
     41.60  1354.75 
     41.70  1433.12 
     41.80  1349.88 
     41.90  1510.25 
     42.00  1518.38 
     42.10  1390.00 
     42.20  1379.50 
     42.30  1403.00 
     42.40  1467.75 
     42.50  1473.00 
     42.60  1500.12 
     42.70  1419.00 
     42.80  1453.12 
     42.90  1442.12 
     43.00  1480.00 
     43.10  1621.50 
     43.20  1364.75 
     43.30  1441.62 
     43.40  1251.62 
     43.50  1373.00 
     43.60  1457.50 
     43.70  1397.38 
     43.80  1447.62 
     43.90  1317.00 
     44.00  1390.88 
     44.10  1345.00 
     44.20  1418.12 
     44.30  1350.88 
     44.40  1342.88 
     44.50  1488.25 
     44.60  1355.88 
     44.70  1419.38 
     44.80  1477.00 
     44.90  1377.62 
     45.00  1414.88 
     45.10  1360.75 
     45.20  1396.62 
     45.30  1610.88 
     45.40  1555.50 
     45.50  1525.62 
     45.60  1456.38 
     45.70  1308.75 
     45.80  1359.38 
     45.90  1404.62 
     46.00  1501.38 
     46.10  1387.00 
     46.20  1345.50 
     46.30  1433.38 
     46.40  1350.88 
     46.50  1333.50 
     46.60  1272.88 
     46.70  1291.75 
     46.80  1412.12 
     46.90  1294.12 
     47.00  1199.38 
     47.10  1353.25 
     47.20  1429.75 
     47.30  1303.50 
     47.40  1378.88 
     47.50  1378.75 
     47.60  1370.88 
     47.70  1502.50 
     47.80  1397.88 
     47.90  1393.88 
     48.00  1301.00 
     48.10  1261.50 
     48.20  1317.12 
     48.30  1291.25 
     48.40  1437.38 
     48.50  1394.75 
     48.60  1389.25 
     48.70  1461.88 
     48.80  1544.88 
     48.90  1464.25 
     49.00  1400.25 
     49.10  1365.00 
     49.20  1359.75 
     49.30  1495.38 
     49.40  1469.50 
     49.50  1417.38 
     49.60  1536.25 
     49.70  1458.00 
     49.80  1374.75 
     49.90  1427.12 
     50.00  1393.38 
     50.10  1476.75 
     50.20  1434.25 
     50.30  1485.88 
     50.40  1426.62 
     50.50  1358.50 
     50.60  1385.50 
     50.70  1621.62 
     50.80  1547.00 
     50.90  1501.62 
     51.00  1318.00 
     51.10  1338.75 
     51.20  1312.50 
     51.30  1443.00 
     51.40  1424.50 
     51.50  1415.38 
     51.60  1406.50 
     51.70  1440.38 
     51.80  1523.62 
     51.90  1502.12 
     52.00  1451.62 
     52.10  1452.62 
     52.20  1461.00 
     52.30  1448.38 
     52.40  1404.12 
     52.50  1448.25 
     52.60  1381.62 
     52.70  1405.75 
     52.80  1539.62 
     52.90  1440.88 
     53.00  1491.88 
     53.10  1332.00 
     53.20  1418.62 
     53.30  1503.38 
     53.40  1515.25 
     53.50  1386.50 
     53.60  1387.62 
     53.70  1436.00 
     53.80  1314.50 
     53.90  1445.62 
     54.00  1559.50 
     54.10  1457.50 
     54.20  1366.25 
     54.30  1459.50 
     54.40  1367.62 
     54.50  1286.88 
     54.60  1383.75 
     54.70  1416.88 
     54.80  1442.88 
     54.90  1339.62 
     55.00  1426.00 
     55.10  1537.50 
     55.20  1534.12 
     55.30  1431.12 
     55.40  1366.12 
     55.50  1387.50 
     55.60  1426.62 
     55.70  1333.88 
     55.80  1519.00 
     55.90  1449.62 
     56.00  1374.62 
     56.10  1431.12 
     56.20  1556.25 
     56.30  1430.25 
     56.40  1428.75 
     56.50  1467.38 
     56.60  1537.88 
     56.70  1340.25 
     56.80  1499.12 
     56.90  1302.50 
     57.00  1423.12 
     57.10  1383.25 
     57.20  1372.38 
     57.30  1461.38 
     57.40  1544.00 
     57.50  1470.00 
     57.60  1432.38 
     57.70  1422.88 
     57.80  1291.75 
     57.90  1375.38 
     58.00  1384.38 
     58.10  1283.00 
     58.20  1513.75 
     58.30  1446.75 
     58.40  1339.38 
     58.50  1385.38 
     58.60  1454.12 
     58.70  1493.00 
     58.80  1283.62 
     58.90  1325.88 
     59.00  1404.12 
     59.10  1450.75 
     59.20  1396.12 
     59.30  1469.00 
     59.40  1433.62 
     59.50  1441.12 
     59.60  1355.50 
     59.70  1435.50 
     59.80  1438.88 
     59.90  1446.12 
     60.00  1412.88 
     60.10  1598.50 
     60.20  1466.50 
     60.30  1440.12 
     60.40  1485.50 
     60.50  1475.88 
     60.60  1477.62 
     60.70  1504.50 
     60.80  1415.00 
     60.90  1591.25 
     61.00  1664.50 
     61.10  1457.75 
     61.20  1449.75 
     61.30  1367.75 
     61.40  1448.25 
     61.50  1542.62 
     61.60  1304.88 
     61.70  1431.00 
     61.80  1410.12 
     61.90  1416.62 
     62.00  1172.88 
     62.10  1321.75 
     62.20  1360.88 
     62.30  1354.75 
     62.40  1432.00 
     62.50  1352.25 
     62.60  1507.38 
     62.70  1420.50 
     62.80  1469.00 
     62.90  1468.38 
     63.00  1364.88 
     63.10  1262.00 
     63.20  1380.62 
     63.30  1427.12 
     63.40  1479.62 
     63.50  1549.00 
     63.60  1530.75 
     63.70  1485.50 
     63.80  1461.75 
     63.90  1537.00 
     64.00  1730.75 
     64.10  1775.75 
     64.20  1668.62 
     64.30  1652.12 
     64.40  1532.25 
     64.50  1625.50 
     64.60  1511.25 
     64.70  1495.88 
     64.80  1482.88 
     64.90  1428.50 
     65.00  1467.50 
     65.10  1455.88 
     65.20  1503.62 
     65.30  1558.38 
     65.40  1488.75 
     65.50  1564.00 
     65.60  1633.38 
     65.70  1697.75 
     65.80  1721.50 
     65.90  1668.00 
     66.00  1853.38 
     66.10  1814.50 
     66.20  1729.12 
     66.30  1658.62 
     66.40  1742.62 
     66.50  1714.38 
     66.60  1792.00 
     66.70  1817.25 
     66.80  1760.75 
     66.90  1575.88 
     67.00  1533.88 
     67.10  1547.00 
     67.20  1641.88 
     67.30  1584.25 
     67.40  1602.00 
     67.50  1566.88 
     67.60  1637.00 
     67.70  1641.38 
     67.80  1607.75 
     67.90  1710.62 
     68.00  1568.38 
     68.10  1584.75 
     68.20  1796.75 
     68.30  1612.00 
     68.40  1703.75 
     68.50  1553.38 
     68.60  1614.75 
     68.70  1554.75 
     68.80  1390.62 
     68.90  1569.00 
     69.00  1514.75 
     69.10  1622.62 
     69.20  1487.12 
     69.30  1520.38 
     69.40  1536.50 
     69.50  1567.38 
     69.60  1663.62 
     69.70  1665.38 
     69.80  1532.38 
     69.90  1545.00 
     70.00  1585.62 
     70.10  1623.50 
     70.20  1443.88 
     70.30  1515.62 
     70.40  1515.38 
     70.50  1587.50 
     70.60  1704.50 
     70.70  1671.25 
     70.80  1433.12 
     70.90  1535.12 
     71.00  1536.62 
     71.10  1644.00 
     71.20  1567.00 
     71.30  1533.25 
     71.40  1633.75 
     71.50  1684.88 
     71.60  1635.50 
     71.70  1585.38 
     71.80  1614.50 
     71.90  1551.25 
     72.00  1653.25 
     72.10  1529.50 
     72.20  1674.00 
     72.30  1606.38 
     72.40  1524.75 
     72.50  1616.50 
     72.60  1385.75 
     72.70  1546.25 
     72.80  1550.38 
     72.90  1486.88 
     73.00  1580.12 
     73.10  1400.38 
     73.20  1563.12 
     73.30  1650.62 
     73.40  1663.25 
     73.50  1340.00 
     73.60  1587.50 
     73.70  1375.62 
     73.80  1263.00 
     73.90  1500.62 
     74.00  1649.38 
     74.10  1645.25 
     74.20  1549.88 
     74.30  1503.25 
     74.40  1446.88 
     74.50  1557.50 
     74.60  1792.62 
     74.70  1783.50 
     74.80  1649.88 
     74.90  1651.00 
     75.00  1747.00 
     75.10  1892.12 
     75.20  1757.38 
     75.30  1774.88 
     75.40  1476.50 
     75.50  1525.38 
     75.60  1446.12 
     75.70  1612.88 
     75.80  1793.25 
     75.90  1700.50 
     76.00  1754.38 
     76.10  1636.00 
     76.20  1591.12 
     76.30  1581.12 
     76.40  1524.12 
     76.50  1654.62 
     76.60  1558.38 
     76.70  1539.38 
     76.80  1671.50 
     76.90  1506.12 
     77.00  1636.75 
     77.10  1556.75 
     77.20  1646.38 
     77.30  1657.12 
     77.40  1734.12 
     77.50  1606.50 
     77.60  1545.12 
     77.70  1711.00 
     77.80  1627.25 
     77.90  1631.25 
     78.00  1551.38 
     78.10  1524.00 
     78.20  1718.50 
     78.30  1691.38 
     78.40  1605.00 
     78.50  1513.75 
     78.60  1671.88 
     78.70  1703.75 
     78.80  1729.75 
     78.90  1607.62 
     79.00  1739.50 
     79.10  1537.88 
     79.20  1626.88 
     79.30  1697.00 
     79.40  1565.50 
     79.50  1808.50 
     79.60  1528.50 
     79.70  1405.75 
     79.80  1456.38 
     79.90  1442.25 
     80.00  1439.88 
     80.10  1481.12 
     80.20  1437.88 
     80.30  1701.88 
     80.40  1651.88 
     80.50  1541.75 
     80.60  1582.00 
     80.70  1595.38 
     80.80  1534.88 
     80.90  1609.38 
     81.00  1455.75 
     81.10  1448.88 
     81.20  1566.50 
     81.30  1503.00 
     81.40  1634.12 
     81.50  1468.50 
     81.60  1512.75 
     81.70  1719.00 
     81.80  1458.75 
     81.90  1547.00 
     82.00  1547.25 
     82.10  1729.75 
     82.20  1570.25 
     82.30  1641.00 
     82.40  1708.00 
     82.50  1554.75 
     82.60  1700.88 
     82.70  1576.75 
     82.80  1581.12 
     82.90  1487.62 
     83.00  1590.88 
     83.10  1576.62 
     83.20  1525.25 
     83.30  1598.12 
     83.40  1566.12 
     83.50  1565.38 
     83.60  1525.88 
     83.70  1592.88 
     83.80  1639.25 
     83.90  1762.38 
     84.00  1624.25 
     84.10  1731.88 
     84.20  1539.62 
     84.30  1667.50 
     84.40  1601.00 
     84.50  1742.88 
     84.60  1754.25 
     84.70  1832.88 
     84.80  1729.50 
     84.90  1654.88 
     85.00  1872.75 
     85.10  1752.88 
     85.20  1743.62 
     85.30  1815.88 
     85.40  1813.88 
     85.50  1717.62 
     85.60  1718.50 
     85.70  1870.50 
     85.80  1663.25 
     85.90  1754.25 
     86.00  1726.25 
     86.10  1832.00 
     86.20  1784.38 
     86.30  1841.38 
     86.40  1674.25 
     86.50  1800.88 
     86.60  1760.25 
     86.70  1741.00 
     86.80  1802.25 
     86.90  1732.00 
     87.00  1678.25 
     87.10  1630.75 
     87.20  1685.62 
     87.30  1514.00 
     87.40  1532.12 
     87.50  1513.88 
     87.60  1445.12 
     87.70  1583.62 
     87.80  1605.75 
     87.90  1504.12 
     88.00  1535.12 
     88.10  1359.88 
     88.20  1433.38 
     88.30  1404.25 
     88.40  1462.62 
     88.50  1460.88 
     88.60  1517.75 
     88.70  1571.00 
     88.80  1424.38 
     88.90  1591.62 
     89.00  1398.38 
     89.10  1495.38 
     89.20  1600.88 
     89.30  1587.38 
     89.40  1495.75 
     89.50  1667.50 
     89.60  1565.38 
     89.70  1523.75 
     89.80  1572.75 
     89.90  1664.25 
     90.00  1628.75 
     90.10  1730.12 
     90.20  1622.62 
     90.30  1676.50 
     90.40  1576.12 
     90.50  1495.38 
     90.60  1732.62 
     90.70  1681.62 
     90.80  1552.25 
     90.90  1587.38 
     91.00  1478.38 
     91.10  1479.12 
     91.20  1602.88 
     91.30  1513.00 
     91.40  1514.12 
     91.50  1457.12 
     91.60  1520.00 
     91.70  1612.50 
     91.80  1461.50 
     91.90  1503.88 
     92.00  1515.75 
     92.10  1351.50 
     92.20  1429.50 
     92.30  1453.00 
     92.40  1507.88 
     92.50  1442.00 
     92.60  1549.62 
     92.70  1526.50 
     92.80  1643.12 
     92.90  1475.00 
     93.00  1517.88 
     93.10  1642.12 
     93.20  1451.50 
     93.30  1775.00 
     93.40  1485.75 
     93.50  1750.50 
     93.60  1634.62 
     93.70  1617.50 
     93.80  1587.88 
     93.90  1700.88 
     94.00  1779.38 
     94.10  1681.88 
     94.20  1733.62 
     94.30  1651.75 
     94.40  1714.75 
     94.50  1614.62 
     94.60  1569.38 
     94.70  1627.25 
     94.80  1612.25 
     94.90  1545.88 
     95.00  1629.50 
     95.10  1558.12 
     95.20  1611.50 
     95.30  1705.25 
     95.40  1657.12 
     95.50  1695.50 
     95.60  1759.12 
     95.70  1723.00 
     95.80  1601.75 
     95.90  1631.62 
     96.00  1699.12 
     96.10  1618.75 
     96.20  1595.88 
     96.30  1456.25 
     96.40  1740.38 
     96.50  1694.50 
     96.60  1562.75 
     96.70  1571.50 
     96.80  1586.25 
     96.90  1659.38 
     97.00  1662.62 
     97.10  1550.00 
     97.20  1588.25 
     97.30  1717.00 
     97.40  1703.50 
     97.50  1564.00 
     97.60  1650.75 
     97.70  1596.00 
     97.80  1591.75 
     97.90  1770.88 
     98.00  1685.75 
     98.10  1773.12 
     98.20  1737.00 
     98.30  1749.38 
     98.40  1678.38 
     98.50  1827.25 
     98.60  1791.38 
     98.70  1722.25 
     98.80  1742.25 
     98.90  1720.12 
     99.00  1583.62 
     99.10  1681.62 
     99.20  1817.25 
     99.30  1797.25 
     99.40  1738.50 
     99.50  1636.00 
     99.60  1681.25 
     99.70  1760.62 
     99.80  1671.50 
     99.90  1732.00 
    100.00  1690.12 
    100.10  1725.38 
    100.20  1657.25 
    100.30  1669.12 
    100.40  1722.25 
    100.50  1808.25 
    100.60  1681.88 
    100.70  1629.00 
    100.80  1588.25 
    100.90  1710.75 
    101.00  1695.12 
    101.10  1727.00 
    101.20  1564.25 
    101.30  1582.00 
    101.40  1484.50 
    101.50  1629.50 
    101.60  1538.50 
    101.70  1572.12 
    101.80  1646.75 
    101.90  1634.50 
    102.00  1626.62 
    102.10  1594.75 
    102.20  1642.75 
    102.30  1731.00 
    102.40  1600.25 
    102.50  1605.12 
    102.60  1732.75 
    102.70  1682.25 
    102.80  1600.00 
    102.90  1552.38 
    103.00  1608.25 
    103.10  1628.75 
    103.20  1666.75 
    103.30  1602.75 
    103.40  1650.88 
    103.50  1677.00 
    103.60  1631.00 
    103.70  1527.88 
    103.80  1597.62 
    103.90  1666.88 
    104.00  1697.75 
    104.10  1669.62 
    104.20  1658.88 
    104.30  1610.62 
    104.40  1655.12 
    104.50  1678.25 
    104.60  1655.88 
    104.70  1576.12 
    104.80  1559.12 
    104.90  1505.50 
    105.00  1573.12 
    105.10  1580.88 
    105.20  1600.12 
    105.30  1516.50 
    105.40  1584.50 
    105.50  1694.25 
    105.60  1494.75 
    105.70  1557.25 
    105.80  1672.38 
    105.90  1504.38 
    106.00  1588.50 
    106.10  1553.12 
    106.20  1557.00 
    106.30  1531.00 
    106.40  1560.75 
    106.50  1551.12 
    106.60  1523.62 
    106.70  1571.12 
    106.80  1496.62 
    106.90  1597.38 
    107.00  1611.62 
    107.10  1496.88 
    107.20  1622.00 
    107.30  1547.75 
    107.40  1597.75 
    107.50  1541.25 
    107.60  1533.50 
    107.70  1472.62 
    107.80  1510.25 
    107.90  1519.88 
    108.00  1534.00 
    108.10  1581.50 
    108.20  1666.75 
    108.30  1678.62 
    108.40  1688.75 
    108.50  1667.38 
    108.60  1695.62 
    108.70  1577.50 
    108.80  1670.62 
    108.90  1680.75 
    109.00  1687.25 
    109.10  1730.75 
    109.20  1648.75 
    109.30  1621.50 
    109.40  1549.00 
    109.50  1701.00 
    109.60  1665.62 
    109.70  1552.12 
    109.80  1613.88 
    109.90  1666.38 
    110.00  1703.75 
    110.10  1664.88 
    110.20  1664.00 
    110.30  1668.25 
    110.40  1654.25 
    110.50  1658.12 
    110.60  1742.62 
    110.70  1564.75 
    110.80  1676.88 
    110.90  1739.12 
    111.00  1592.12 
    111.10  1632.75 
    111.20  1703.88 
    111.30  1684.50 
    111.40  1635.50 
    111.50  1714.88 
    111.60  1628.62 
    111.70  1654.88 
    111.80  1613.88 
    111.90  1718.00 
    112.00  1641.12 
    112.10  1752.38 
    112.20  1597.00 
    112.30  1600.88 
    112.40  1675.00 
    112.50  1739.50 
    112.60  1647.38 
    112.70  1766.62 
    112.80  1608.00 
    112.90  1627.50 
    113.00  1589.88 
    113.10  1636.75 
    113.20  1717.75 
    113.30  1631.38 
    113.40  1635.75 
    113.50  1586.75 
    113.60  1657.75 
    113.70  1662.38 
    113.80  1665.75 
    113.90  1626.12 
    114.00  1661.88 
    114.10  1599.25 
    114.20  1636.25 
    114.30  1705.62 
    114.40  1658.12 
    114.50  1563.50 
    114.60  1448.00 
    114.70  1606.38 
    114.80  1538.50 
    114.90  1484.25 
    115.00  1451.75 
    115.10  1650.88 
    115.20  1551.25 
    115.30  1521.38 
    115.40  1591.62 
    115.50  1593.62 
    115.60  1612.88 
    115.70  1646.25 
    115.80  1669.12 
    115.90  1572.50 
    116.00  1514.25 
    116.10  1555.50 
    116.20  1725.00 
    116.30  1602.00 
    116.40  1555.62 
    116.50  1429.75 
    116.60  1533.50 
    116.70  1564.88 
    116.80  1659.50 
    116.90  1538.88 
    117.00  1615.75 
    117.10  1541.12 
    117.20  1581.12 
    117.30  1613.12 
    117.40  1708.50 
    117.50  1579.75 
    117.60  1603.50 
    117.70  1522.88 
    117.80  1645.00 
    117.90  1606.88 
    118.00  1572.38 
    118.10  1510.00 
    118.20  1472.50 
    118.30  1480.75 
    118.40  1603.25 
    118.50  1580.50 
    118.60  1669.62 
    118.70  1592.00 
    118.80  1670.88 
    118.90  1596.50 
    119.00  1653.25 
    119.10  1721.00 
    119.20  1599.62 
    119.30  1711.25 
    119.40  1772.62 
    119.50  1660.88 
    119.60  1661.00 
    119.70  1593.25 
    119.80  1575.25 
    119.90  1560.12 
    120.00  1428.12 
    120.10  1463.88 
    120.20  1540.75 
    120.30  1534.38 
    120.40  1421.12 
    120.50  1493.00 
    120.60  1583.12 
    120.70  1596.12 
    120.80  1841.50 
    120.90  1664.00 
    121.00  1732.62 
    121.10  1726.38 
    121.20  1809.00 
    121.30  1571.38 
    121.40  1754.12 
    121.50  1682.38 
    121.60  1747.50 
    121.70  1780.75 
    121.80  1587.38 
    121.90  1696.00 
    122.00  1607.50 
    122.10  1764.50 
    122.20  1665.12 
    122.30  1604.75 
    122.40  1555.75 
    122.50  1691.75 
    122.60  1644.88 
    122.70  1683.38 
    122.80  1699.25 
    122.90  1673.00 
    123.00  1602.12 
    123.10  1749.00 
    123.20  1750.88 
    123.30  1710.50 
    123.40  1684.75 
    123.50  1516.00 
    123.60  1542.12 
    123.70  1646.25 
    123.80  1589.50 
    123.90  1496.62 
    124.00  1709.75 
    124.10  1530.50 
    124.20  1636.88 
    124.30  1571.50 
    124.40  1683.25 
    124.50  1654.25 
    124.60  1572.62 
    124.70  1557.50 
    124.80  1476.88 
    124.90  1490.12 
    125.00  1576.38 
    125.10  1399.75 
    125.20  1516.62 
    125.30  1531.88 
    125.40  1558.50 
    125.50  1475.88 
    125.60  1528.25 
    125.70  1687.00 
    125.80  1521.25 
    125.90  1547.62 
    126.00  1615.38 
    126.10  1546.50 
    126.20  1778.12 
    126.30  1668.62 
    126.40  1462.62 
    126.50  1374.25 
    126.60  1346.88 
    126.70  1471.62 
    126.80  1627.62 
    126.90  1788.25 
    127.00  1580.12 
    127.10  1541.62 
    127.20  1633.50 
    127.30  1556.50 
    127.40  1552.12 
    127.50  1664.62 
    127.60  1612.88 
    127.70  1589.25 
    127.80  1677.62 
    127.90  1643.88 
    128.00  1688.25 
    128.10  1572.25 
    128.20  1631.88 
    128.30  1577.25 
    128.40  1553.38 
    128.50  1676.00 
    128.60  1560.25 
    128.70  1632.00 
    128.80  1561.62 
    128.90  1477.88 
    129.00  1617.50 
    129.10  1502.12 
    129.20  1563.62 
    129.30  1607.00 
    129.40  1534.75 
    129.50  1566.38 
    129.60  1562.25 
    129.70  1471.88 
    129.80  1467.50 
    129.90  1496.62 
    130.00  1582.62 
    130.10  1494.50 
    130.20  1340.88 
    130.30  1435.00 
    130.40  1451.88 
    130.50  1538.62 
    130.60  1542.38 
    130.70  1508.88 
    130.80  1537.75 
    130.90  1541.38 
    131.00  1513.62 
    131.10  1549.00 
    131.20  1526.50 
    131.30  1478.00 
    131.40  1475.88 
    131.50  1440.25 
    131.60  1524.12 
    131.70  1438.50 
    131.80  1522.25 
    131.90  1464.00 
    132.00  1590.12 
    132.10  1598.25 
    132.20  1502.62 
    132.30  1640.88 
    132.40  1686.00 
    132.50  1648.00 
    132.60  1638.25 
    132.70  1497.00 
    132.80  1606.12 
    132.90  1479.50 
    133.00  1665.50 
    133.10  1472.25 
    133.20  1686.75 
    133.30  1553.62 
    133.40  1684.38 
    133.50  1629.00 
    133.60  1649.75 
    133.70  1658.88 
    133.80  1650.88 
    133.90  1815.25 
    134.00  1705.75 
    134.10  1562.25 
    134.20  1633.50 
    134.30  1530.75 
    134.40  1630.38 
    134.50  1679.38 
    134.60  1578.50 
    134.70  1748.50 
    134.80  1542.50 
    134.90  1674.75 
    135.00  1590.62 
    135.10  1605.88 
    135.20  1657.75 
    135.30  1770.50 
    135.40  1662.12 
    135.50  1738.88 
    135.60  1683.50 
    135.70  1671.75 
    135.80  1580.25 
    135.90  1771.50 
    136.00  1698.12 
    136.10  1699.75 
    136.20  1598.00 
    136.30  1534.75 
    136.40  1627.50 
    136.50  1517.50 
    136.60  1529.12 
    136.70  1478.88 
    136.80  1528.00 
    136.90  1474.00 
    137.00  1563.62 
    137.10  1464.75 
    137.20  1517.75 
    137.30  1601.62 
    137.40  1526.38 
    137.50  1494.38 
    137.60  1517.50 
    137.70  1518.12 
    137.80  1587.25 
    137.90  1469.00 
    138.00  1526.88 
    138.10  1489.88 
    138.20  1355.00 
    138.30  1399.50 
    138.40  1564.12 
    138.50  1500.38 
    138.60  1468.62 
    138.70  1557.50 
    138.80  1627.25 
    138.90  1414.62 
    139.00  1613.62 
    139.10  1585.25 
    139.20  1436.88 
    139.30  1486.38 
    139.40  1555.25 
    139.50  1584.50 
    139.60  1509.12 
    139.70  1441.75 
    139.80  1539.75 
    139.90  1444.12 
    140.00  1425.38 
    140.10  1485.25 
    140.20  1573.25 
    140.30  1682.12 
    140.40  1574.50 
    140.50  1492.50 
    140.60  1557.25 
    140.70  1485.62 
    140.80  1493.12 
    140.90  1550.12 
    141.00  1675.75 
    141.10  1573.25 
    141.20  1602.00 
    141.30  1427.25 
    141.40  1451.25 
    141.50  1538.12 
    141.60  1548.50 
    141.70  1462.12 
    141.80  1475.12 
    141.90  1510.50 
    142.00  1537.25 
    142.10  1492.25 
    142.20  1483.50 
    142.30  1650.75 
    142.40  1586.38 
    142.50  1575.62 
    142.60  1665.00 
    142.70  1666.62 
    142.80  1565.50 
    142.90  1522.38 
    143.00  1498.75 
    143.10  1545.50 
    143.20  1530.88 
    143.30  1530.12 
    143.40  1589.88 
    143.50  1594.25 
    143.60  1630.38 
    143.70  1414.62 
    143.80  1622.25 
    143.90  1683.38 
    144.00  1582.12 
    144.10  1602.75 
    144.20  1404.50 
    144.30  1610.38 
    144.40  1638.75 
    144.50  1571.62 
    144.60  1647.00 
    144.70  1624.75 
    144.80  1732.25 
    144.90  1618.00 
    145.00  1554.00 
    145.10  1384.12 
    145.20  1519.12 
    145.30  1537.25 
    145.40  1476.38 
    145.50  1553.88 
    145.60  1527.50 
    145.70  1591.88 
    145.80  1564.00 
    145.90  1629.38 
    146.00  1465.12 
    146.10  1560.00 
    146.20  1607.00 
    146.30  1492.25 
    146.40  1568.12 
    146.50  1571.25 
    146.60  1621.25 
    146.70  1618.38 
    146.80  1549.88 
    146.90  1576.75 
    147.00  1575.62 
    147.10  1545.50 
    147.20  1645.12 
    147.30  1426.00 
    147.40  1510.00 
    147.50  1548.00 
    147.60  1375.12 
    147.70  1518.62 
    147.80  1478.12 
    147.90  1562.38 
    148.00  1436.88 
    148.10  1395.50 
    148.20  1454.75 
    148.30  1598.88 
    148.40  1637.50 
    148.50  1711.38 
    148.60  1623.88 
    148.70  1804.88 
    148.80  1749.50 
    148.90  1666.50 
    149.00  1722.25 
    149.10  1643.50 
    149.20  1580.75 
    149.30  1693.50 
    149.40  1514.00 
    149.50  1746.25 
    149.60  1684.00 
    149.70  1661.00 
    149.80  1551.88 
    149.90  1543.88 
    150.00  1452.88 
    150.10  1625.62 
    150.20  1542.38 
    150.30  1491.62 
    150.40  1703.38 
    150.50  1597.00 
    150.60  1548.38 
    150.70  1399.75 
    150.80  1581.12 
    150.90  1495.88 
    151.00  1441.62 
    151.10  1428.50 
    151.20  1598.88 
    151.30  1478.75 
    151.40  1637.62 
    151.50  1612.12 
    151.60  1499.25 
    151.70  1568.25 
    151.80  1605.88 
    151.90  1503.88 
    152.00  1470.88 
    152.10  1447.25 
    152.20  1521.50 
    152.30  1389.88 
    152.40  1430.75 
    152.50  1506.50 
    152.60  1553.50 
    152.70  1474.75 
    152.80  1508.88 
    152.90  1485.00 
    153.00  1506.75 
    153.10  1488.38 
    153.20  1456.75 
    153.30  1437.75 
    153.40  1459.25 
    153.50  1429.38 
    153.60  1513.88 
    153.70  1533.50 
    153.80  1469.75 
    153.90  1496.75 
    154.00  1460.38 
    154.10  1479.25 
    154.20  1587.12 
    154.30  1587.75 
    154.40  1564.12 
    154.50  1532.38 
    154.60  1601.38 
    154.70  1610.38 
    154.80  1495.00 
    154.90  1453.75 
    155.00  1564.75 
    155.10  1687.12 
    155.20  1722.00 
    155.30  1689.25 
    155.40  1557.62 
    155.50  1545.75 
    155.60  1388.75 
    155.70  1474.25 
    155.80  1523.38 
    155.90  1493.75 
    156.00  1613.75 
    156.10  1490.62 
    156.20  1553.38 
    156.30  1571.62 
    156.40  1574.00 
    156.50  1565.38 
    156.60  1674.12 
    156.70  1545.88 
    156.80  1423.62 
    156.90  1517.12 
    157.00  1455.12 
    157.10  1479.62 
    157.20  1626.50 
    157.30  1552.75 
    157.40  1553.62 
    157.50  1453.50 
    157.60  1538.50 
    157.70  1442.75 
    157.80  1548.62 
    157.90  1481.50 
    158.00  1453.25 
    158.10  1402.50 
    158.20  1338.38 
    158.30  1344.00 
    158.40  1543.75 
    158.50  1557.50 
    158.60  1616.62 
    158.70  1566.38 
    158.80  1573.75 
    158.90  1517.25 
    159.00  1482.38 
    159.10  1539.25 
    159.20  1599.00 
    159.30  1489.25 
    159.40  1563.50 
    159.50  1563.50 
    159.60  1718.88 
    159.70  1619.12 
    159.80  1536.88 
    159.90  1641.12 
    160.00  1648.38 
    160.10  1556.25 
    160.20  1556.75 
    160.30  1641.00 
    160.40  1614.25 
    160.50  1550.88 
    160.60  1524.12 
    160.70  1552.75 
    160.80  1629.50 
    160.90  1606.00 
    161.00  1477.50 
    161.10  1412.75 
    161.20  1472.12 
    161.30  1632.38 
    161.40  1590.38 
    161.50  1437.12 
    161.60  1503.75 
    161.70  1348.50 
    161.80  1455.75 
    161.90  1277.38 
    162.00  1256.50 
    162.10  1242.12 
    162.20  1327.62 
    162.30  1484.75 
    162.40  1338.62 
    162.50  1287.62 
    162.60  1237.50 
    162.70  1336.62 
    162.80  1255.62 
    162.90  1362.88 
    163.00  1274.12 
    163.10  1315.88 
    163.20  1421.75 
    163.30  1423.62 
    163.40  1438.38 
    163.50  1281.88 
    163.60  1390.88 
    163.70  1536.88 
    163.80  1420.75 
    163.90  1430.38 
    164.00  1372.00 
    164.10  1418.25 
    164.20  1317.50 
    164.30  1453.38 
    164.40  1320.75 
    164.50  1342.88 
    164.60  1292.25 
    164.70  1307.00 
    164.80  1233.88 
    164.90  1216.75 
    165.00  1423.62 
    165.10  1321.25 
    165.20  1327.00 
    165.30  1254.25 
    165.40  1336.38 
    165.50  1430.62 
    165.60  1361.25 
    165.70  1383.00 
    165.80  1313.50 
    165.90  1493.00 
    166.00  1601.88 
    166.10  1407.12 
    166.20  1407.75 
    166.30  1384.00 
    166.40  1423.38 
    166.50  1407.00 
    166.60  1359.25 
    166.70  1442.50 
    166.80  1406.75 
    166.90  1325.50 
    167.00  1349.75 
    167.10  1423.12 
    167.20  1493.12 
    167.30  1418.25 
    167.40  1365.38 
    167.50  1487.12 
    167.60  1531.00 
    167.70  1609.12 
    167.80  1509.38 
    167.90  1464.00 
    168.00  1569.62 
    168.10  1649.00 
    168.20  1506.50 
    168.30  1681.62 
    168.40  1608.00 
    168.50  1565.25 
    168.60  1507.38 
    168.70  1525.88 
    168.80  1604.88 
    168.90  1478.62 
    169.00  1589.88 
    169.10  1449.25 
    169.20  1410.88 
    169.30  1448.88 
    169.40  1405.00 
    169.50  1509.50 
    169.60  1619.62 
    169.70  1556.88 
    169.80  1442.62 
    169.90  1455.62 
    170.00  1541.62 
    170.10  1617.62 
    170.20  1485.88 
    170.30  1560.00 
    170.40  1465.12 
    170.50  1377.50 
    170.60  1508.00 
    170.70  1473.75 
    170.80  1473.50 
    170.90  1536.88 
    171.00  1544.12 
    171.10  1510.75 
    171.20  1408.88 
    171.30  1438.75 
    171.40  1418.50 
    171.50  1474.50 
    171.60  1364.88 
    171.70  1410.88 
    171.80  1346.00 
    171.90  1480.00 
    172.00  1439.12 
    172.10  1615.25 
    172.20  1493.62 
    172.30  1575.12 
    172.40  1618.75 
    172.50  1503.50 
    172.60  1483.88 
    172.70  1552.25 
    172.80  1387.00 
    172.90  1392.38 
    173.00  1439.00 
    173.10  1466.62 
    173.20  1467.00 
    173.30  1432.62 
    173.40  1547.25 
    173.50  1522.75 
    173.60  1509.50 
    173.70  1408.00 
    173.80  1344.88 
    173.90  1466.25 
    174.00  1490.00 
    174.10  1449.00 
    174.20  1461.38 
    174.30  1519.12 
    174.40  1529.62 
    174.50  1484.88 
    174.60  1444.00 
    174.70  1392.62 
    174.80  1366.50 
    174.90  1438.00 
    175.00  1452.88 
    175.10  1403.00 
    175.20  1387.38 
    175.30  1489.00 
    175.40  1406.50 
    175.50  1430.75 
    175.60  1658.00 
    175.70  1491.88 
    175.80  1465.25 
    175.90  1588.88 
    176.00  1446.50 
    176.10  1537.88 
    176.20  1451.88 
    176.30  1506.12 
    176.40  1471.75 
    176.50  1365.75 
    176.60  1486.75 
    176.70  1562.75 
    176.80  1442.50 
    176.90  1533.75 
    177.00  1482.25 
    177.10  1689.38 
    177.20  1586.12 
    177.30  1440.88 
    177.40  1440.12 
    177.50  1502.00 
    177.60  1554.88 
    177.70  1493.62 
    177.80  1492.12 
    177.90  1476.38 
    178.00  1600.38 
    178.10  1573.50 
    178.20  1555.25 
    178.30  1538.88 
    178.40  1632.38 
    178.50  1615.25 
    178.60  1717.38 
    178.70  1414.00 
    178.80  1494.88 
    178.90  1456.25 
    179.00  1521.00 
    179.10  1413.75 
    179.20  1423.75 
    179.30  1486.12 
    179.40  1557.25 
    179.50  1595.62 
    179.60  1537.75 
    179.70  1610.38 
    179.80  1555.38 
    179.90  1381.62 
