      Time   barrel 
      0.00  2009.00 
      0.10  2173.62 
      0.20  1963.12 
      0.30  2160.12 
      0.40  2181.00 
      0.50  2154.62 
      0.60  2106.38 
      0.70  2207.75 
      0.80  2323.12 
      0.90  2251.25 
      1.00  2162.62 
      1.10  2177.25 
      1.20  2321.62 
      1.30  2208.75 
      1.40  2347.75 
      1.50  2181.25 
      1.60  2137.75 
      1.70  2179.62 
      1.80  1949.00 
      1.90  2075.62 
      2.00  2237.75 
      2.10  1920.38 
      2.20  1883.12 
      2.30  1948.25 
      2.40  2000.25 
      2.50  2000.88 
      2.60  2081.50 
      2.70  2106.62 
      2.80  2094.12 
      2.90  2040.38 
      3.00  1945.25 
      3.10  1977.50 
      3.20  2043.00 
      3.30  1853.75 
      3.40  2117.12 
      3.50  1988.25 
      3.60  2012.38 
      3.70  1937.25 
      3.80  2107.38 
      3.90  1935.00 
      4.00  1968.62 
      4.10  1809.00 
      4.20  2061.50 
      4.30  2137.62 
      4.40  1824.12 
      4.50  1874.38 
      4.60  1821.00 
      4.70  1941.25 
      4.80  1873.75 
      4.90  2003.38 
      5.00  1990.12 
      5.10  1882.38 
      5.20  1915.75 
      5.30  1801.12 
      5.40  1875.25 
      5.50  1909.38 
      5.60  1923.62 
      5.70  1819.88 
      5.80  1888.38 
      5.90  1939.50 
      6.00  1832.00 
      6.10  1913.00 
      6.20  1906.62 
      6.30  1941.88 
      6.40  2010.12 
      6.50  1932.12 
      6.60  2090.50 
      6.70  2098.50 
      6.80  1948.25 
      6.90  1958.75 
      7.00  1925.75 
      7.10  2131.38 
      7.20  2021.50 
      7.30  2004.12 
      7.40  2067.12 
      7.50  2021.25 
      7.60  2060.00 
      7.70  2056.25 
      7.80  1994.50 
      7.90  1989.62 
      8.00  2038.12 
      8.10  2047.00 
      8.20  1969.38 
      8.30  2068.38 
      8.40  2086.38 
      8.50  2224.25 
      8.60  2122.62 
      8.70  2220.25 
      8.80  2007.75 
      8.90  1919.75 
      9.00  2007.38 
      9.10  2097.38 
      9.20  2099.88 
      9.30  2029.62 
      9.40  2042.75 
      9.50  2056.75 
      9.60  2018.25 
      9.70  2001.88 
      9.80  2188.88 
      9.90  1908.88 
     10.00  2142.38 
     10.10  1843.75 
     10.20  1939.12 
     10.30  1976.00 
     10.40  1996.50 
     10.50  2069.75 
     10.60  1941.12 
     10.70  2016.75 
     10.80  2005.75 
     10.90  1877.38 
     11.00  1985.25 
     11.10  1826.12 
     11.20  1897.50 
     11.30  1920.75 
     11.40  1825.75 
     11.50  1899.00 
     11.60  1967.00 
     11.70  1956.00 
     11.80  1822.75 
     11.90  1795.75 
     12.00  1763.38 
     12.10  1898.25 
     12.20  2057.38 
     12.30  2180.62 
     12.40  2019.62 
     12.50  1935.88 
     12.60  2025.38 
     12.70  2047.88 
     12.80  2013.12 
     12.90  1851.88 
     13.00  1788.38 
     13.10  2226.12 
     13.20  1932.62 
     13.30  1846.38 
     13.40  1973.38 
     13.50  1802.88 
     13.60  1934.25 
     13.70  1967.25 
     13.80  2159.75 
     13.90  1920.62 
     14.00  2017.62 
     14.10  2068.12 
     14.20  2065.50 
     14.30  1909.75 
     14.40  1939.75 
     14.50  1974.00 
     14.60  1803.88 
     14.70  1859.88 
     14.80  1977.62 
     14.90  1894.88 
     15.00  1768.25 
     15.10  1845.50 
     15.20  1804.88 
     15.30  1943.75 
     15.40  1761.62 
     15.50  1812.88 
     15.60  1978.12 
     15.70  1926.50 
     15.80  1809.50 
     15.90  1951.25 
     16.00  1818.50 
     16.10  1907.88 
     16.20  1818.38 
     16.30  1749.25 
     16.40  1978.25 
     16.50  2030.25 
     16.60  1935.75 
     16.70  1943.00 
     16.80  1811.38 
     16.90  1844.50 
     17.00  1906.75 
     17.10  1951.12 
     17.20  1854.00 
     17.30  1716.75 
     17.40  1806.50 
     17.50  1895.62 
     17.60  1926.50 
     17.70  2149.00 
     17.80  2083.75 
     17.90  2113.38 
     18.00  2161.00 
     18.10  2217.75 
     18.20  2090.38 
     18.30  2131.12 
     18.40  2183.38 
     18.50  2099.62 
     18.60  2105.88 
     18.70  1909.62 
     18.80  2094.00 
     18.90  2093.62 
     19.00  2011.62 
     19.10  2157.38 
     19.20  2150.75 
     19.30  2241.38 
     19.40  2185.88 
     19.50  2191.25 
     19.60  2271.88 
     19.70  2372.38 
     19.80  2316.50 
     19.90  2308.62 
     20.00  2166.38 
     20.10  2146.75 
     20.20  2154.12 
     20.30  1983.62 
     20.40  2244.25 
     20.50  2293.38 
     20.60  2075.38 
     20.70  2116.75 
     20.80  2015.00 
     20.90  1940.88 
     21.00  2237.62 
     21.10  2073.25 
     21.20  2032.00 
     21.30  2145.00 
     21.40  2221.00 
     21.50  2058.00 
     21.60  2052.62 
     21.70  2025.25 
     21.80  2108.50 
     21.90  2086.38 
     22.00  2201.12 
     22.10  2224.25 
     22.20  2040.88 
     22.30  2033.62 
     22.40  2117.75 
     22.50  2101.50 
     22.60  2133.12 
     22.70  2129.00 
     22.80  1958.00 
     22.90  1906.50 
     23.00  2072.75 
     23.10  2204.00 
     23.20  2336.62 
     23.30  2392.25 
     23.40  2198.25 
     23.50  2245.25 
     23.60  2124.38 
     23.70  2220.25 
     23.80  2030.50 
     23.90  1951.25 
     24.00  2058.75 
     24.10  2091.88 
     24.20  2005.12 
     24.30  2081.38 
     24.40  2170.25 
     24.50  2165.50 
     24.60  2238.50 
     24.70  2006.25 
     24.80  1917.88 
     24.90  2154.12 
     25.00  2232.75 
     25.10  2150.75 
     25.20  2147.25 
     25.30  2061.00 
     25.40  2062.88 
     25.50  2071.12 
     25.60  2030.25 
     25.70  2048.62 
     25.80  1904.75 
     25.90  1992.88 
     26.00  2179.62 
     26.10  2145.62 
     26.20  2079.75 
     26.30  2110.62 
     26.40  2172.25 
     26.50  1997.38 
     26.60  2112.00 
     26.70  2161.62 
     26.80  2075.25 
     26.90  2107.00 
     27.00  2119.00 
     27.10  2046.62 
     27.20  2078.00 
     27.30  2159.75 
     27.40  2021.88 
     27.50  2008.88 
     27.60  2025.75 
     27.70  1934.50 
     27.80  2174.12 
     27.90  2165.88 
     28.00  2116.38 
     28.10  1982.38 
     28.20  2025.75 
     28.30  2050.62 
     28.40  2151.00 
     28.50  2073.88 
     28.60  1890.00 
     28.70  2016.00 
     28.80  2065.75 
     28.90  1990.00 
     29.00  1967.38 
     29.10  1961.00 
     29.20  1958.25 
     29.30  1956.12 
     29.40  1924.38 
     29.50  2040.75 
     29.60  2127.12 
     29.70  2154.00 
     29.80  2055.12 
     29.90  2220.50 
     30.00  2217.75 
     30.10  2096.75 
     30.20  2105.38 
     30.30  2133.62 
     30.40  2271.25 
     30.50  1993.25 
     30.60  2218.00 
     30.70  2185.00 
     30.80  2200.12 
     30.90  2292.38 
     31.00  2171.88 
     31.10  2181.38 
     31.20  2093.25 
     31.30  2122.00 
     31.40  1833.00 
     31.50  2128.62 
     31.60  2094.12 
     31.70  2165.88 
     31.80  2125.75 
     31.90  2016.50 
     32.00  2060.75 
     32.10  1912.62 
     32.20  1951.50 
     32.30  2117.88 
     32.40  1994.00 
     32.50  2116.75 
     32.60  1873.62 
     32.70  2153.25 
     32.80  2082.75 
     32.90  2100.25 
     33.00  2201.25 
     33.10  2138.00 
     33.20  2122.88 
     33.30  2051.00 
     33.40  2076.75 
     33.50  2101.62 
     33.60  1899.75 
     33.70  2072.62 
     33.80  1869.38 
     33.90  1998.38 
     34.00  1971.75 
     34.10  2025.62 
     34.20  1870.00 
     34.30  2055.00 
     34.40  1942.62 
     34.50  1984.00 
     34.60  2007.00 
     34.70  2071.75 
     34.80  1950.75 
     34.90  1902.75 
     35.00  1972.88 
     35.10  1862.62 
     35.20  1847.00 
     35.30  1859.00 
     35.40  1932.00 
     35.50  1982.00 
     35.60  2034.12 
     35.70  1883.62 
     35.80  1974.50 
     35.90  1962.25 
     36.00  1933.38 
     36.10  2011.50 
     36.20  1948.38 
     36.30  2067.62 
     36.40  2011.38 
     36.50  2045.75 
     36.60  2061.00 
     36.70  2106.88 
     36.80  2094.38 
     36.90  1835.50 
     37.00  2127.75 
     37.10  1894.38 
     37.20  2030.88 
     37.30  1871.38 
     37.40  1941.75 
     37.50  2101.25 
     37.60  2030.25 
     37.70  1979.50 
     37.80  1872.00 
     37.90  1919.88 
     38.00  2032.00 
     38.10  1971.25 
     38.20  1991.62 
     38.30  1906.38 
     38.40  1903.88 
     38.50  2035.50 
     38.60  1968.50 
     38.70  2091.38 
     38.80  2025.00 
     38.90  2288.75 
     39.00  2035.38 
     39.10  2120.38 
     39.20  1957.00 
     39.30  2039.62 
     39.40  2069.00 
     39.50  2050.38 
     39.60  1910.50 
     39.70  1944.88 
     39.80  1928.88 
     39.90  1882.12 
     40.00  1989.25 
     40.10  1987.50 
     40.20  1806.12 
     40.30  2017.88 
     40.40  1916.25 
     40.50  1992.12 
     40.60  2211.88 
     40.70  2118.88 
     40.80  2091.12 
     40.90  1952.12 
     41.00  1938.25 
     41.10  2018.38 
     41.20  1888.62 
     41.30  2003.12 
     41.40  1861.50 
     41.50  1930.25 
     41.60  1968.50 
     41.70  2041.25 
     41.80  2304.62 
     41.90  2020.12 
     42.00  2004.38 
     42.10  2211.62 
     42.20  2158.50 
     42.30  1946.00 
     42.40  2197.12 
     42.50  2136.88 
     42.60  2178.50 
     42.70  2103.75 
     42.80  2179.62 
     42.90  2053.00 
     43.00  2102.88 
     43.10  2181.25 
     43.20  2065.62 
     43.30  2208.88 
     43.40  2153.75 
     43.50  2023.38 
     43.60  2095.75 
     43.70  2044.38 
     43.80  1973.75 
     43.90  1973.12 
     44.00  1979.25 
     44.10  2107.75 
     44.20  2097.50 
     44.30  2074.88 
     44.40  2162.25 
     44.50  2019.75 
     44.60  2028.12 
     44.70  2102.12 
     44.80  1902.50 
     44.90  2089.00 
     45.00  2054.25 
     45.10  2177.75 
     45.20  2155.88 
     45.30  2029.00 
     45.40  2123.62 
     45.50  2280.12 
     45.60  2211.88 
     45.70  2141.62 
     45.80  2055.88 
     45.90  2129.75 
     46.00  2067.88 
     46.10  2100.38 
     46.20  2130.25 
     46.30  2385.12 
     46.40  2205.38 
     46.50  2180.12 
     46.60  2197.88 
     46.70  2175.00 
     46.80  2114.00 
     46.90  2184.50 
     47.00  2186.62 
     47.10  2233.25 
     47.20  2094.00 
     47.30  1964.25 
     47.40  2093.25 
     47.50  2108.00 
     47.60  2126.75 
     47.70  1994.38 
     47.80  2076.38 
     47.90  2045.88 
     48.00  2140.62 
     48.10  2108.62 
     48.20  2047.62 
     48.30  2085.12 
     48.40  2104.50 
     48.50  2323.38 
     48.60  1976.62 
     48.70  2030.12 
     48.80  2161.00 
     48.90  2274.75 
     49.00  2059.12 
     49.10  2158.50 
     49.20  1885.88 
     49.30  2007.88 
     49.40  1927.75 
     49.50  1939.00 
     49.60  1973.75 
     49.70  2109.12 
     49.80  1894.25 
     49.90  2110.62 
     50.00  1995.88 
     50.10  1856.25 
     50.20  1785.12 
     50.30  1876.50 
     50.40  1942.75 
     50.50  1946.50 
     50.60  1968.38 
     50.70  1911.12 
     50.80  1979.75 
     50.90  1940.25 
     51.00  1901.50 
     51.10  1865.00 
     51.20  1809.00 
     51.30  1933.88 
     51.40  1982.62 
     51.50  2122.25 
     51.60  2026.00 
     51.70  1994.12 
     51.80  1966.62 
     51.90  2041.62 
     52.00  2083.75 
     52.10  1926.00 
     52.20  1954.00 
     52.30  2001.38 
     52.40  1978.75 
     52.50  1993.38 
     52.60  1978.12 
     52.70  2071.12 
     52.80  1947.12 
     52.90  2004.75 
     53.00  2055.75 
     53.10  2047.75 
     53.20  2020.75 
     53.30  2017.75 
     53.40  2076.00 
     53.50  1970.00 
     53.60  1876.50 
     53.70  2003.75 
     53.80  1934.62 
     53.90  2127.62 
     54.00  2017.50 
     54.10  1912.50 
     54.20  1949.62 
     54.30  2078.00 
     54.40  1925.75 
     54.50  2021.12 
     54.60  2055.00 
     54.70  2050.62 
     54.80  2010.00 
     54.90  2205.38 
     55.00  2017.88 
     55.10  2215.62 
     55.20  2058.00 
     55.30  1989.25 
     55.40  2260.38 
     55.50  2098.38 
     55.60  2061.50 
     55.70  2107.00 
     55.80  1998.38 
     55.90  1937.12 
     56.00  1991.75 
     56.10  2026.12 
     56.20  2049.12 
     56.30  2100.38 
     56.40  2056.25 
     56.50  1968.75 
     56.60  2104.75 
     56.70  2018.00 
     56.80  1997.12 
     56.90  1872.88 
     57.00  2020.25 
     57.10  1867.75 
     57.20  2109.25 
     57.30  1967.38 
     57.40  2097.62 
     57.50  2058.88 
     57.60  2050.12 
     57.70  2056.25 
     57.80  2006.88 
     57.90  2035.50 
     58.00  2077.50 
     58.10  1861.25 
     58.20  1822.25 
     58.30  1832.25 
     58.40  2041.12 
     58.50  1886.38 
     58.60  1972.88 
     58.70  1853.00 
     58.80  1872.00 
     58.90  1936.38 
     59.00  1874.12 
     59.10  2034.62 
     59.20  2029.75 
     59.30  2024.38 
     59.40  1906.12 
     59.50  1776.00 
     59.60  1974.38 
     59.70  1901.50 
     59.80  1952.50 
     59.90  1967.50 
     60.00  1934.25 
     60.10  1977.12 
     60.20  1899.75 
     60.30  1867.25 
     60.40  1777.50 
     60.50  1860.12 
     60.60  1892.25 
     60.70  1807.25 
     60.80  1899.25 
     60.90  1814.88 
     61.00  2002.50 
     61.10  2047.25 
     61.20  2139.00 
     61.30  2057.62 
     61.40  1969.88 
     61.50  2019.12 
     61.60  2141.50 
     61.70  2024.62 
     61.80  1888.00 
     61.90  1897.50 
     62.00  1946.25 
     62.10  1934.12 
     62.20  1923.88 
     62.30  1885.75 
     62.40  1805.88 
     62.50  1925.88 
     62.60  2031.88 
     62.70  1967.38 
     62.80  1919.88 
     62.90  1920.38 
     63.00  1905.25 
     63.10  1747.38 
     63.20  1712.25 
     63.30  1799.50 
     63.40  1834.38 
     63.50  1873.38 
     63.60  1876.25 
     63.70  2030.88 
     63.80  1849.25 
     63.90  1995.50 
     64.00  1982.62 
     64.10  1825.00 
     64.20  1790.50 
     64.30  1699.38 
     64.40  1973.88 
     64.50  1854.75 
     64.60  2039.00 
     64.70  2015.50 
     64.80  1900.75 
     64.90  2092.75 
     65.00  1895.88 
     65.10  1999.88 
     65.20  1887.00 
     65.30  1905.00 
     65.40  1874.00 
     65.50  1820.75 
     65.60  1928.38 
     65.70  1994.38 
     65.80  2007.00 
     65.90  1948.38 
     66.00  2074.12 
     66.10  1914.62 
     66.20  1995.88 
     66.30  1905.25 
     66.40  1877.12 
     66.50  1940.25 
     66.60  1943.50 
     66.70  1877.88 
     66.80  1824.75 
     66.90  1948.12 
     67.00  2084.75 
     67.10  1907.88 
     67.20  1860.62 
     67.30  1865.88 
     67.40  1941.38 
     67.50  1959.62 
     67.60  1821.62 
     67.70  1918.75 
     67.80  1952.75 
     67.90  1990.50 
     68.00  1980.62 
     68.10  1960.38 
     68.20  1994.00 
     68.30  1994.00 
     68.40  1941.00 
     68.50  1878.88 
     68.60  1916.62 
     68.70  1981.38 
     68.80  2034.75 
     68.90  2014.25 
     69.00  1975.88 
     69.10  1990.75 
     69.20  1918.50 
     69.30  1922.62 
     69.40  1975.88 
     69.50  1868.75 
     69.60  1980.38 
     69.70  1895.25 
     69.80  1854.50 
     69.90  2008.88 
     70.00  1869.62 
     70.10  1932.50 
     70.20  2185.88 
     70.30  1874.00 
     70.40  1890.62 
     70.50  1993.38 
     70.60  2017.50 
     70.70  1885.88 
     70.80  1951.62 
     70.90  1854.62 
     71.00  1968.38 
     71.10  1805.38 
     71.20  2113.12 
     71.30  1962.25 
     71.40  1950.50 
     71.50  2031.88 
     71.60  1997.25 
     71.70  1947.62 
     71.80  1897.75 
     71.90  1999.88 
     72.00  2086.62 
     72.10  1853.62 
     72.20  1952.75 
     72.30  1866.62 
     72.40  1939.50 
     72.50  2210.88 
     72.60  1934.75 
     72.70  1728.62 
     72.80  1878.00 
     72.90  1962.00 
     73.00  1794.38 
     73.10  1924.75 
     73.20  1877.00 
     73.30  1930.62 
     73.40  1817.25 
     73.50  1806.50 
     73.60  1885.50 
     73.70  1738.12 
     73.80  1883.62 
     73.90  1852.12 
     74.00  1962.62 
     74.10  1839.50 
     74.20  1934.38 
     74.30  1757.12 
     74.40  1818.12 
     74.50  1894.12 
     74.60  1833.12 
     74.70  1794.88 
     74.80  1852.62 
     74.90  1788.75 
     75.00  1987.75 
     75.10  2110.25 
     75.20  2076.50 
     75.30  2097.75 
     75.40  1991.38 
     75.50  1899.50 
     75.60  1861.25 
     75.70  2174.62 
     75.80  1878.50 
     75.90  2040.12 
     76.00  2093.62 
     76.10  1974.38 
     76.20  1807.00 
     76.30  1970.88 
     76.40  2041.75 
     76.50  2008.38 
     76.60  1787.50 
     76.70  1959.00 
     76.80  1979.38 
     76.90  1977.25 
     77.00  1810.88 
     77.10  1897.75 
     77.20  1878.38 
     77.30  1892.25 
     77.40  2047.00 
     77.50  1933.62 
     77.60  1968.50 
     77.70  1817.62 
     77.80  1921.12 
     77.90  1960.38 
     78.00  2045.50 
     78.10  1962.38 
     78.20  1894.50 
     78.30  1816.50 
     78.40  1907.38 
     78.50  1968.75 
     78.60  1904.25 
     78.70  1896.12 
     78.80  1847.88 
     78.90  1797.38 
     79.00  1860.50 
     79.10  1714.38 
     79.20  1841.38 
     79.30  1963.88 
     79.40  1956.62 
     79.50  1882.75 
     79.60  1962.75 
     79.70  1917.62 
     79.80  1955.50 
     79.90  1870.88 
     80.00  1836.50 
     80.10  2025.38 
     80.20  1966.62 
     80.30  2030.00 
     80.40  1894.75 
     80.50  1964.12 
     80.60  2045.00 
     80.70  2071.75 
     80.80  1938.75 
     80.90  1856.00 
     81.00  1829.00 
     81.10  1826.00 
     81.20  1716.38 
     81.30  1809.38 
     81.40  1860.38 
     81.50  1755.25 
     81.60  2031.38 
     81.70  1869.25 
     81.80  2022.00 
     81.90  2202.50 
     82.00  2083.88 
     82.10  2110.50 
     82.20  2130.25 
     82.30  1885.12 
     82.40  2130.00 
     82.50  1900.62 
     82.60  2049.75 
     82.70  1884.50 
     82.80  1620.12 
     82.90  1816.25 
     83.00  1927.00 
     83.10  1849.12 
     83.20  1769.38 
     83.30  1763.88 
     83.40  1744.00 
     83.50  1805.00 
     83.60  1766.75 
     83.70  1865.38 
     83.80  1914.12 
     83.90  1789.38 
     84.00  2023.38 
     84.10  1963.12 
     84.20  1872.88 
     84.30  2045.88 
     84.40  2057.12 
     84.50  1916.50 
     84.60  1990.00 
     84.70  1883.62 
     84.80  1889.00 
     84.90  1915.25 
     85.00  2027.12 
     85.10  1947.88 
     85.20  1838.12 
     85.30  1906.62 
     85.40  1838.00 
     85.50  1935.50 
     85.60  1849.38 
     85.70  2084.00 
     85.80  2023.88 
     85.90  1730.88 
     86.00  1981.38 
     86.10  1813.50 
     86.20  1846.00 
     86.30  2015.25 
     86.40  2108.75 
     86.50  2038.62 
     86.60  2028.12 
     86.70  2427.00 
     86.80  2154.12 
     86.90  2019.38 
     87.00  2109.88 
     87.10  1946.00 
     87.20  2144.00 
     87.30  2134.00 
     87.40  1988.88 
     87.50  2070.25 
     87.60  2117.38 
     87.70  1968.38 
     87.80  2042.12 
     87.90  2002.00 
     88.00  2092.50 
     88.10  1993.38 
     88.20  1997.75 
     88.30  2026.88 
     88.40  1977.25 
     88.50  1971.75 
     88.60  1858.88 
     88.70  1873.62 
     88.80  1933.38 
     88.90  1850.62 
     89.00  1863.00 
     89.10  2103.75 
     89.20  2076.62 
     89.30  1895.38 
     89.40  1980.50 
     89.50  2177.25 
     89.60  1955.88 
     89.70  1997.00 
     89.80  1783.62 
     89.90  1999.00 
