      Time   barrel 
      0.00  2009.00 
      0.10  2255.62 
      0.20  2173.62 
      0.30  2082.38 
      0.40  1963.12 
      0.50  2101.00 
      0.60  2160.12 
      0.70  2126.75 
      0.80  2181.00 
      0.90  2262.00 
      1.00  2154.62 
      1.10  2080.75 
      1.20  2106.38 
      1.30  1997.88 
      1.40  2207.75 
      1.50  2278.12 
      1.60  2323.12 
      1.70  2094.25 
      1.80  2251.25 
      1.90  2140.50 
      2.00  2162.62 
      2.10  2223.62 
      2.20  2177.25 
      2.30  2270.50 
      2.40  2321.62 
      2.50  2391.12 
      2.60  2208.75 
      2.70  2214.62 
      2.80  2347.75 
      2.90  2276.00 
      3.00  2181.25 
      3.10  2328.12 
      3.20  2137.75 
      3.30  2071.12 
      3.40  2179.62 
      3.50  2099.12 
      3.60  1949.00 
      3.70  2065.50 
      3.80  2075.62 
      3.90  1962.12 
      4.00  2237.75 
      4.10  1974.38 
      4.20  1920.38 
      4.30  1951.50 
      4.40  1883.12 
      4.50  1992.62 
      4.60  1948.25 
      4.70  2139.00 
      4.80  2000.25 
      4.90  2009.62 
      5.00  2000.88 
      5.10  1999.75 
      5.20  2081.50 
      5.30  2135.50 
      5.40  2106.62 
      5.50  2315.12 
      5.60  2094.12 
      5.70  1985.00 
      5.80  2040.38 
      5.90  2096.25 
      6.00  1945.25 
      6.10  2278.38 
      6.20  1977.50 
      6.30  1991.00 
      6.40  2043.00 
      6.50  1942.12 
      6.60  1853.75 
      6.70  2116.12 
      6.80  2117.12 
      6.90  1948.50 
      7.00  1988.25 
      7.10  1902.38 
      7.20  2012.38 
      7.30  2095.12 
      7.40  1937.25 
      7.50  2003.00 
      7.60  2107.38 
      7.70  1874.75 
      7.80  1935.00 
      7.90  1955.25 
      8.00  1968.62 
      8.10  2033.25 
      8.20  1809.00 
      8.30  1996.12 
      8.40  2061.50 
      8.50  1835.62 
      8.60  2137.62 
      8.70  1967.25 
      8.80  1824.12 
      8.90  1914.38 
      9.00  1874.38 
      9.10  1895.75 
      9.20  1821.00 
      9.30  2057.88 
      9.40  1941.25 
      9.50  1840.12 
      9.60  1873.75 
      9.70  1852.62 
      9.80  2003.38 
      9.90  1967.00 
     10.00  1990.12 
     10.10  1846.62 
     10.20  1882.38 
     10.30  2025.75 
     10.40  1915.75 
     10.50  1916.38 
     10.60  1801.12 
     10.70  1979.00 
     10.80  1875.25 
     10.90  2066.25 
     11.00  1909.38 
     11.10  1890.62 
     11.20  1923.62 
     11.30  1871.12 
     11.40  1819.88 
     11.50  1977.25 
     11.60  1888.38 
     11.70  1896.00 
     11.80  1939.50 
     11.90  1980.88 
     12.00  1832.00 
     12.10  2014.12 
     12.20  1913.00 
     12.30  1916.25 
     12.40  1906.62 
     12.50  2078.00 
     12.60  1941.88 
     12.70  1920.75 
     12.80  2010.12 
     12.90  1931.88 
     13.00  1932.12 
     13.10  2210.00 
     13.20  2090.50 
     13.30  1964.88 
     13.40  2098.50 
     13.50  2016.25 
     13.60  1948.25 
     13.70  1964.25 
     13.80  1958.75 
     13.90  2066.50 
     14.00  1925.75 
     14.10  1890.75 
     14.20  2131.38 
     14.30  2061.00 
     14.40  2021.50 
     14.50  1967.50 
     14.60  2004.12 
     14.70  1971.00 
     14.80  2067.12 
     14.90  2036.75 
     15.00  2021.25 
     15.10  1868.12 
     15.20  2060.00 
     15.30  2065.62 
     15.40  2056.25 
     15.50  2100.50 
     15.60  1994.50 
     15.70  1940.88 
     15.80  1989.62 
     15.90  2061.50 
     16.00  2038.12 
     16.10  2099.50 
     16.20  2047.00 
     16.30  1954.62 
     16.40  1969.38 
     16.50  2105.38 
     16.60  2068.38 
     16.70  2061.38 
     16.80  2086.38 
     16.90  2244.75 
     17.00  2224.25 
     17.10  2310.50 
     17.20  2122.62 
     17.30  2038.62 
     17.40  2220.25 
     17.50  2154.00 
     17.60  2007.75 
     17.70  2163.50 
     17.80  1919.75 
     17.90  2109.25 
     18.00  2007.38 
     18.10  2087.88 
     18.20  2097.38 
     18.30  1963.38 
     18.40  2099.88 
     18.50  2043.75 
     18.60  2029.62 
     18.70  1955.12 
     18.80  2042.75 
     18.90  2081.62 
     19.00  2056.75 
     19.10  2127.75 
     19.20  2018.25 
     19.30  2074.38 
     19.40  2001.88 
     19.50  2042.50 
     19.60  2188.88 
     19.70  2130.75 
     19.80  1908.88 
     19.90  2138.25 
     20.00  2142.38 
     20.10  1852.75 
     20.20  1843.75 
     20.30  1913.50 
     20.40  1939.12 
     20.50  1974.00 
     20.60  1976.00 
     20.70  1792.75 
     20.80  1996.50 
     20.90  1806.75 
     21.00  2069.75 
     21.10  1933.25 
     21.20  1941.12 
     21.30  1924.75 
     21.40  2016.75 
     21.50  1932.00 
     21.60  2005.75 
     21.70  1946.25 
     21.80  1877.38 
     21.90  1924.75 
     22.00  1985.25 
     22.10  2018.50 
     22.20  1826.12 
     22.30  1852.62 
     22.40  1897.50 
     22.50  1876.12 
     22.60  1920.75 
     22.70  1843.50 
     22.80  1825.75 
     22.90  1838.50 
     23.00  1899.00 
     23.10  1944.75 
     23.20  1967.00 
     23.30  1886.00 
     23.40  1956.00 
     23.50  1933.12 
     23.60  1822.75 
     23.70  1903.75 
     23.80  1795.75 
     23.90  1841.75 
     24.00  1763.38 
     24.10  1781.38 
     24.20  1898.25 
     24.30  1826.38 
     24.40  2057.38 
     24.50  1931.62 
     24.60  2180.62 
     24.70  2110.12 
     24.80  2019.62 
     24.90  1976.25 
     25.00  1935.88 
     25.10  1991.62 
     25.20  2025.38 
     25.30  2127.25 
     25.40  2047.88 
     25.50  2072.25 
     25.60  2013.12 
     25.70  1893.38 
     25.80  1851.88 
     25.90  1849.12 
     26.00  1788.38 
     26.10  1925.12 
     26.20  2226.12 
     26.30  1899.88 
     26.40  1932.62 
     26.50  1805.50 
     26.60  1846.38 
     26.70  1871.00 
     26.80  1973.38 
     26.90  1891.75 
     27.00  1802.88 
     27.10  1799.62 
     27.20  1934.25 
     27.30  2003.75 
     27.40  1967.25 
     27.50  1885.75 
     27.60  2159.75 
     27.70  1946.25 
     27.80  1920.62 
     27.90  2088.38 
     28.00  2017.62 
     28.10  2022.25 
     28.20  2068.12 
     28.30  2003.50 
     28.40  2065.50 
     28.50  2001.12 
     28.60  1909.75 
     28.70  1891.62 
     28.80  1939.75 
     28.90  1983.50 
     29.00  1974.00 
     29.10  2021.25 
     29.20  1803.88 
     29.30  1828.88 
     29.40  1859.88 
     29.50  1923.38 
     29.60  1977.62 
     29.70  1830.38 
     29.80  1894.88 
     29.90  1944.50 
     30.00  1768.25 
     30.10  1956.00 
     30.20  1845.50 
     30.30  1681.12 
     30.40  1804.88 
     30.50  1814.25 
     30.60  1943.75 
     30.70  1828.88 
     30.80  1761.62 
     30.90  1830.25 
     31.00  1812.88 
     31.10  1706.25 
     31.20  1978.12 
     31.30  2039.25 
     31.40  1926.50 
     31.50  1875.62 
     31.60  1809.50 
     31.70  1897.50 
     31.80  1951.25 
     31.90  1872.88 
     32.00  1818.50 
     32.10  1775.12 
     32.20  1907.88 
     32.30  1771.25 
     32.40  1818.38 
     32.50  1837.62 
     32.60  1749.25 
     32.70  1927.50 
     32.80  1978.25 
     32.90  1929.12 
     33.00  2030.25 
     33.10  1846.25 
     33.20  1935.75 
     33.30  1872.25 
     33.40  1943.00 
     33.50  1778.00 
     33.60  1811.38 
     33.70  1907.50 
     33.80  1844.50 
     33.90  1856.62 
     34.00  1906.75 
     34.10  1977.25 
     34.20  1951.12 
     34.30  1928.62 
     34.40  1854.00 
     34.50  1923.88 
     34.60  1716.75 
     34.70  1865.88 
     34.80  1806.50 
     34.90  1879.75 
     35.00  1895.62 
     35.10  1840.75 
     35.20  1926.50 
     35.30  1991.62 
     35.40  2149.00 
     35.50  2070.88 
     35.60  2083.75 
     35.70  2067.00 
     35.80  2113.38 
     35.90  2070.88 
     36.00  2161.00 
     36.10  2078.75 
     36.20  2217.75 
     36.30  2120.50 
     36.40  2090.38 
     36.50  2267.88 
     36.60  2131.12 
     36.70  2140.75 
     36.80  2183.38 
     36.90  2185.75 
     37.00  2099.62 
     37.10  2087.88 
     37.20  2105.88 
     37.30  2198.38 
     37.40  1909.62 
     37.50  2100.38 
     37.60  2094.00 
     37.70  2197.88 
     37.80  2093.62 
     37.90  2058.38 
     38.00  2011.62 
     38.10  2197.62 
     38.20  2157.38 
     38.30  2300.00 
     38.40  2150.75 
     38.50  2159.12 
     38.60  2241.38 
     38.70  2035.00 
     38.80  2185.88 
     38.90  2227.50 
     39.00  2191.25 
     39.10  2193.75 
     39.20  2271.88 
     39.30  2236.25 
     39.40  2372.38 
     39.50  2095.12 
     39.60  2316.50 
     39.70  2273.25 
     39.80  2308.62 
     39.90  2188.62 
     40.00  2166.38 
     40.10  2179.75 
     40.20  2146.75 
     40.30  2161.50 
     40.40  2154.12 
     40.50  2056.12 
     40.60  1983.62 
     40.70  2118.50 
     40.80  2244.25 
     40.90  2235.50 
     41.00  2293.38 
     41.10  2077.75 
     41.20  2075.38 
     41.30  2103.88 
     41.40  2116.75 
     41.50  1997.38 
     41.60  2015.00 
     41.70  2012.00 
     41.80  1940.88 
     41.90  2175.75 
     42.00  2237.62 
     42.10  2086.00 
     42.20  2073.25 
     42.30  2097.50 
     42.40  2032.00 
     42.50  2148.00 
     42.60  2145.00 
     42.70  2207.12 
     42.80  2221.00 
     42.90  2096.62 
     43.00  2058.00 
     43.10  2059.62 
     43.20  2052.62 
     43.30  2015.75 
     43.40  2025.25 
     43.50  2200.50 
     43.60  2108.50 
     43.70  2230.12 
     43.80  2086.38 
     43.90  2083.00 
     44.00  2201.12 
     44.10  2036.62 
     44.20  2224.25 
     44.30  2153.62 
     44.40  2040.88 
     44.50  2096.00 
     44.60  2033.62 
     44.70  2093.88 
     44.80  2117.75 
     44.90  2196.00 
     45.00  2101.50 
     45.10  2086.12 
     45.20  2133.12 
     45.30  2013.12 
     45.40  2129.00 
     45.50  2305.50 
     45.60  1958.00 
     45.70  2011.25 
     45.80  1906.50 
     45.90  2113.38 
     46.00  2072.75 
     46.10  2137.75 
     46.20  2204.00 
     46.30  2141.12 
     46.40  2336.62 
     46.50  2156.75 
     46.60  2392.25 
     46.70  2334.62 
     46.80  2198.25 
     46.90  2410.38 
     47.00  2245.25 
     47.10  2292.75 
     47.20  2124.38 
     47.30  2127.38 
     47.40  2220.25 
     47.50  2091.50 
     47.60  2030.50 
     47.70  2215.25 
     47.80  1951.25 
     47.90  2167.75 
     48.00  2058.75 
     48.10  2041.62 
     48.20  2091.88 
     48.30  1920.50 
     48.40  2005.12 
     48.50  2074.88 
     48.60  2081.38 
     48.70  2186.00 
     48.80  2170.25 
     48.90  2027.75 
     49.00  2165.50 
     49.10  2193.00 
     49.20  2238.50 
     49.30  1954.25 
     49.40  2006.25 
     49.50  1955.50 
     49.60  1917.88 
     49.70  2105.62 
     49.80  2154.12 
     49.90  2168.25 
     50.00  2232.75 
     50.10  2110.50 
     50.20  2150.75 
     50.30  1967.25 
     50.40  2147.25 
     50.50  2018.75 
     50.60  2061.00 
     50.70  2170.25 
     50.80  2062.88 
     50.90  2087.88 
     51.00  2071.12 
     51.10  2070.12 
     51.20  2030.25 
     51.30  2105.50 
     51.40  2048.62 
     51.50  2043.50 
     51.60  1904.75 
     51.70  2217.00 
     51.80  1992.88 
     51.90  2053.88 
     52.00  2179.62 
     52.10  2024.38 
     52.20  2145.62 
     52.30  2124.25 
     52.40  2079.75 
     52.50  2113.25 
     52.60  2110.62 
     52.70  2212.38 
     52.80  2172.25 
     52.90  1969.50 
     53.00  1997.38 
     53.10  2048.50 
     53.20  2112.00 
     53.30  2060.25 
     53.40  2161.62 
     53.50  2171.50 
     53.60  2075.25 
     53.70  2035.25 
     53.80  2107.00 
     53.90  2131.38 
     54.00  2119.00 
     54.10  2067.62 
     54.20  2046.62 
     54.30  2061.00 
     54.40  2078.00 
     54.50  2032.38 
     54.60  2159.75 
     54.70  2033.88 
     54.80  2021.88 
     54.90  1970.00 
     55.00  2008.88 
     55.10  2040.50 
     55.20  2025.75 
     55.30  1964.00 
     55.40  1934.50 
     55.50  2053.25 
     55.60  2174.12 
     55.70  1980.62 
     55.80  2165.88 
     55.90  1986.25 
     56.00  2116.38 
     56.10  1925.00 
     56.20  1982.38 
     56.30  2053.50 
     56.40  2025.75 
     56.50  2053.88 
     56.60  2050.62 
     56.70  1969.38 
     56.80  2151.00 
     56.90  2054.25 
     57.00  2073.88 
     57.10  2143.75 
     57.20  1890.00 
     57.30  2021.50 
     57.40  2016.00 
     57.50  1971.12 
     57.60  2065.75 
     57.70  1921.38 
     57.80  1990.00 
     57.90  2138.00 
     58.00  1967.38 
     58.10  2028.12 
     58.20  1961.00 
     58.30  1901.12 
     58.40  1958.25 
     58.50  1968.12 
     58.60  1956.12 
     58.70  2071.62 
     58.80  1924.38 
     58.90  1999.25 
     59.00  2040.75 
     59.10  2242.38 
     59.20  2127.12 
     59.30  2175.38 
     59.40  2154.00 
     59.50  2109.25 
     59.60  2055.12 
     59.70  2105.00 
     59.80  2220.50 
     59.90  2351.00 
     60.00  2217.75 
     60.10  2157.12 
     60.20  2096.75 
     60.30  2168.38 
     60.40  2105.38 
     60.50  2205.75 
     60.60  2133.62 
     60.70  2027.62 
     60.80  2271.25 
     60.90  2066.62 
     61.00  1993.25 
     61.10  2051.38 
     61.20  2218.00 
     61.30  2156.50 
     61.40  2185.00 
     61.50  2158.88 
     61.60  2200.12 
     61.70  2294.25 
     61.80  2292.38 
     61.90  2017.50 
     62.00  2171.88 
     62.10  2198.12 
     62.20  2181.38 
     62.30  2002.12 
     62.40  2093.25 
     62.50  2095.12 
     62.60  2122.00 
     62.70  1998.88 
     62.80  1833.00 
     62.90  2090.00 
     63.00  2128.62 
     63.10  1932.00 
     63.20  2094.12 
     63.30  2097.88 
     63.40  2165.88 
     63.50  2111.25 
     63.60  2125.75 
     63.70  1948.00 
     63.80  2016.50 
     63.90  1845.88 
     64.00  2060.75 
     64.10  2126.00 
     64.20  1912.62 
     64.30  2015.75 
     64.40  1951.50 
     64.50  2094.00 
     64.60  2117.88 
     64.70  1993.88 
     64.80  1994.00 
     64.90  2171.88 
     65.00  2116.75 
     65.10  2099.62 
     65.20  1873.62 
     65.30  2069.88 
     65.40  2153.25 
     65.50  2221.62 
     65.60  2082.75 
     65.70  2173.00 
     65.80  2100.25 
     65.90  2087.75 
     66.00  2201.25 
     66.10  2097.62 
     66.20  2138.00 
     66.30  2143.88 
     66.40  2122.88 
     66.50  2153.88 
     66.60  2051.00 
     66.70  2139.50 
     66.80  2076.75 
     66.90  1957.88 
     67.00  2101.62 
     67.10  1922.25 
     67.20  1899.75 
     67.30  2008.12 
     67.40  2072.62 
     67.50  1734.25 
     67.60  1869.38 
     67.70  1850.25 
     67.80  1998.38 
     67.90  1938.38 
     68.00  1971.75 
     68.10  2052.12 
     68.20  2025.62 
     68.30  1924.75 
     68.40  1870.00 
     68.50  2077.50 
     68.60  2055.00 
     68.70  2087.38 
     68.80  1942.62 
     68.90  1957.50 
     69.00  1984.00 
     69.10  2026.50 
     69.20  2007.00 
     69.30  2009.12 
     69.40  2071.75 
     69.50  1942.25 
     69.60  1950.75 
     69.70  2037.88 
     69.80  1902.75 
     69.90  1878.25 
     70.00  1972.88 
     70.10  1888.62 
     70.20  1862.62 
     70.30  1890.12 
     70.40  1847.00 
     70.50  1889.25 
     70.60  1859.00 
     70.70  1974.00 
     70.80  1932.00 
     70.90  1897.88 
     71.00  1982.00 
     71.10  2044.25 
     71.20  2034.12 
     71.30  1948.12 
     71.40  1883.62 
     71.50  1960.38 
     71.60  1974.50 
     71.70  1841.62 
     71.80  1962.25 
     71.90  1824.75 
     72.00  1933.38 
     72.10  1863.00 
     72.20  2011.50 
     72.30  1924.00 
     72.40  1948.38 
     72.50  2047.00 
     72.60  2067.62 
     72.70  1917.38 
     72.80  2011.38 
     72.90  1907.62 
     73.00  2045.75 
     73.10  1897.75 
     73.20  2061.00 
     73.30  2036.50 
     73.40  2106.88 
     73.50  2043.50 
     73.60  2094.38 
     73.70  2001.62 
     73.80  1835.50 
     73.90  1977.38 
     74.00  2127.75 
     74.10  2109.62 
     74.20  1894.38 
     74.30  1825.00 
     74.40  2030.88 
     74.50  1925.62 
     74.60  1871.38 
     74.70  1996.50 
     74.80  1941.75 
     74.90  1959.12 
     75.00  2101.25 
     75.10  1975.12 
     75.20  2030.25 
     75.30  1974.62 
     75.40  1979.50 
     75.50  1880.12 
     75.60  1872.00 
     75.70  1975.25 
     75.80  1919.88 
     75.90  2002.50 
     76.00  2032.00 
     76.10  2008.38 
     76.20  1971.25 
     76.30  1998.75 
     76.40  1991.62 
     76.50  1882.12 
     76.60  1906.38 
     76.70  1879.50 
     76.80  1903.88 
     76.90  1885.12 
     77.00  2035.50 
     77.10  2033.38 
     77.20  1968.50 
     77.30  1950.12 
     77.40  2091.38 
     77.50  1924.00 
     77.60  2025.00 
     77.70  2015.75 
     77.80  2288.75 
     77.90  2129.88 
     78.00  2035.38 
     78.10  1900.25 
     78.20  2120.38 
     78.30  1903.62 
     78.40  1957.00 
     78.50  2113.12 
     78.60  2039.62 
     78.70  2020.38 
     78.80  2069.00 
     78.90  1990.62 
     79.00  2050.38 
     79.10  1868.75 
     79.20  1910.50 
     79.30  1938.00 
     79.40  1944.88 
     79.50  2003.38 
     79.60  1928.88 
     79.70  1972.12 
     79.80  1882.12 
     79.90  1911.12 
     80.00  1989.25 
     80.10  2084.38 
     80.20  1987.50 
     80.30  1973.25 
     80.40  1806.12 
     80.50  1892.38 
     80.60  2017.88 
     80.70  1867.75 
     80.80  1916.25 
     80.90  1790.38 
     81.00  1992.12 
     81.10  1986.50 
     81.20  2211.88 
     81.30  2065.62 
     81.40  2118.88 
     81.50  2095.62 
     81.60  2091.12 
     81.70  2051.38 
     81.80  1952.12 
     81.90  2065.50 
     82.00  1938.25 
     82.10  1937.12 
     82.20  2018.38 
     82.30  1903.12 
     82.40  1888.62 
     82.50  2066.12 
     82.60  2003.12 
     82.70  1997.00 
     82.80  1861.50 
     82.90  2067.75 
     83.00  1930.25 
     83.10  2081.75 
     83.20  1968.50 
     83.30  1973.38 
     83.40  2041.25 
     83.50  2138.62 
     83.60  2304.62 
     83.70  2116.00 
     83.80  2020.12 
     83.90  2004.50 
     84.00  2004.38 
     84.10  2122.88 
     84.20  2211.62 
     84.30  2056.75 
     84.40  2158.50 
     84.50  2073.00 
     84.60  1946.00 
     84.70  2160.75 
     84.80  2197.12 
     84.90  2105.38 
     85.00  2136.88 
     85.10  2108.38 
     85.20  2178.50 
     85.30  2100.25 
     85.40  2103.75 
     85.50  1996.12 
     85.60  2179.62 
     85.70  2101.88 
     85.80  2053.00 
     85.90  2032.62 
     86.00  2102.88 
     86.10  2178.88 
     86.20  2181.25 
     86.30  2094.25 
     86.40  2065.62 
     86.50  2115.50 
     86.60  2208.88 
     86.70  2239.75 
     86.80  2153.75 
     86.90  2039.88 
     87.00  2023.38 
     87.10  2056.25 
     87.20  2095.75 
     87.30  1988.00 
     87.40  2044.38 
     87.50  2136.88 
     87.60  1973.75 
     87.70  2038.50 
     87.80  1973.12 
     87.90  1966.38 
     88.00  1979.25 
     88.10  1980.25 
     88.20  2107.75 
     88.30  2175.75 
     88.40  2097.50 
     88.50  2038.00 
     88.60  2074.88 
     88.70  2192.25 
     88.80  2162.25 
     88.90  2012.62 
     89.00  2019.75 
     89.10  2097.25 
     89.20  2028.12 
     89.30  2164.38 
     89.40  2102.12 
     89.50  2160.38 
     89.60  1902.50 
     89.70  2085.88 
     89.80  2089.00 
     89.90  2044.75 
     90.00  2054.25 
     90.10  1970.25 
     90.20  2177.75 
     90.30  2097.00 
     90.40  2155.88 
     90.50  2019.50 
     90.60  2029.00 
     90.70  2053.88 
     90.80  2123.62 
     90.90  2089.88 
     91.00  2280.12 
     91.10  2126.25 
     91.20  2211.88 
     91.30  2059.88 
     91.40  2141.62 
     91.50  1917.12 
     91.60  2055.88 
     91.70  2077.75 
     91.80  2129.75 
     91.90  1914.62 
     92.00  2067.88 
     92.10  2060.25 
     92.20  2100.38 
     92.30  2283.12 
     92.40  2130.25 
     92.50  2291.62 
     92.60  2385.12 
     92.70  2181.50 
     92.80  2205.38 
     92.90  2208.62 
     93.00  2180.12 
     93.10  2127.38 
     93.20  2197.88 
     93.30  2188.00 
     93.40  2175.00 
     93.50  2072.50 
     93.60  2114.00 
     93.70  2142.75 
     93.80  2184.50 
     93.90  2251.75 
     94.00  2186.62 
     94.10  2121.38 
     94.20  2233.25 
     94.30  2065.25 
     94.40  2094.00 
     94.50  2037.88 
     94.60  1964.25 
     94.70  2150.75 
     94.80  2093.25 
     94.90  2088.00 
     95.00  2108.00 
     95.10  2075.88 
     95.20  2126.75 
     95.30  2090.00 
     95.40  1994.38 
     95.50  1975.50 
     95.60  2076.38 
     95.70  1991.25 
     95.80  2045.88 
     95.90  2081.12 
     96.00  2140.62 
     96.10  1985.12 
     96.20  2108.62 
     96.30  2084.50 
     96.40  2047.62 
     96.50  2095.75 
     96.60  2085.12 
     96.70  2117.25 
     96.80  2104.50 
     96.90  2182.75 
     97.00  2323.38 
     97.10  2180.12 
     97.20  1976.62 
     97.30  2044.62 
     97.40  2030.12 
     97.50  2126.88 
     97.60  2161.00 
     97.70  2252.38 
     97.80  2274.75 
     97.90  2291.62 
     98.00  2059.12 
     98.10  2206.50 
     98.20  2158.50 
     98.30  2072.12 
     98.40  1885.88 
     98.50  2090.25 
     98.60  2007.88 
     98.70  1915.88 
     98.80  1927.75 
     98.90  2007.62 
     99.00  1939.00 
     99.10  1969.62 
     99.20  1973.75 
     99.30  1965.38 
     99.40  2109.12 
     99.50  1991.25 
     99.60  1894.25 
     99.70  1992.38 
     99.80  2110.62 
     99.90  2110.50 
    100.00  1995.88 
    100.10  1960.00 
    100.20  1856.25 
    100.30  1836.75 
    100.40  1785.12 
    100.50  1753.75 
    100.60  1876.50 
    100.70  1917.88 
    100.80  1942.75 
    100.90  2017.25 
    101.00  1946.50 
    101.10  1808.62 
    101.20  1968.38 
    101.30  1951.62 
    101.40  1911.12 
    101.50  1969.38 
    101.60  1979.75 
    101.70  2024.75 
    101.80  1940.25 
    101.90  2005.00 
    102.00  1901.50 
    102.10  1912.00 
    102.20  1865.00 
    102.30  1820.50 
    102.40  1809.00 
    102.50  1946.25 
    102.60  1933.88 
    102.70  1842.25 
    102.80  1982.62 
    102.90  1907.38 
    103.00  2122.25 
    103.10  1972.12 
    103.20  2026.00 
    103.30  2000.62 
    103.40  1994.12 
    103.50  2088.62 
    103.60  1966.62 
    103.70  2064.00 
    103.80  2041.62 
    103.90  2027.38 
    104.00  2083.75 
    104.10  2165.38 
    104.20  1926.00 
    104.30  1906.62 
    104.40  1954.00 
    104.50  1979.62 
    104.60  2001.38 
    104.70  2000.62 
    104.80  1978.75 
    104.90  1887.88 
    105.00  1993.38 
    105.10  2075.38 
    105.20  1978.12 
    105.30  2065.62 
    105.40  2071.12 
    105.50  2232.62 
    105.60  1947.12 
    105.70  1991.75 
    105.80  2004.75 
    105.90  2135.38 
    106.00  2055.75 
    106.10  1988.38 
    106.20  2047.75 
    106.30  1962.50 
    106.40  2020.75 
    106.50  2040.62 
    106.60  2017.75 
    106.70  2125.12 
    106.80  2076.00 
    106.90  2052.50 
    107.00  1970.00 
    107.10  2092.00 
    107.20  1876.50 
    107.30  1877.62 
    107.40  2003.75 
    107.50  1910.12 
    107.60  1934.62 
    107.70  2085.62 
    107.80  2127.62 
    107.90  2035.00 
    108.00  2017.50 
    108.10  1903.88 
    108.20  1912.50 
    108.30  1914.50 
    108.40  1949.62 
    108.50  1990.00 
    108.60  2078.00 
    108.70  1968.38 
    108.80  1925.75 
    108.90  2082.12 
    109.00  2021.12 
    109.10  2216.00 
    109.20  2055.00 
    109.30  2013.88 
    109.40  2050.62 
    109.50  2049.25 
    109.60  2010.00 
    109.70  1952.50 
    109.80  2205.38 
    109.90  2021.62 
    110.00  2017.88 
    110.10  2142.12 
    110.20  2215.62 
    110.30  2222.00 
    110.40  2058.00 
    110.50  2075.88 
    110.60  1989.25 
    110.70  2034.75 
    110.80  2260.38 
    110.90  2121.88 
    111.00  2098.38 
    111.10  2259.62 
    111.20  2061.50 
    111.30  2185.62 
    111.40  2107.00 
    111.50  2123.12 
    111.60  1998.38 
    111.70  1998.00 
    111.80  1937.12 
    111.90  2022.88 
    112.00  1991.75 
    112.10  1943.00 
    112.20  2026.12 
    112.30  2147.12 
    112.40  2049.12 
    112.50  2017.62 
    112.60  2100.38 
    112.70  2015.38 
    112.80  2056.25 
    112.90  1854.75 
    113.00  1968.75 
    113.10  2077.50 
    113.20  2104.75 
    113.30  1883.38 
    113.40  2018.00 
    113.50  2056.00 
    113.60  1997.12 
    113.70  1925.88 
    113.80  1872.88 
    113.90  1940.50 
    114.00  2020.25 
    114.10  1859.25 
    114.20  1867.75 
    114.30  1975.12 
    114.40  2109.25 
    114.50  1837.12 
    114.60  1967.38 
    114.70  2017.62 
    114.80  2097.62 
    114.90  1925.00 
    115.00  2058.88 
    115.10  2027.75 
    115.20  2050.12 
    115.30  2044.12 
    115.40  2056.25 
    115.50  1923.75 
    115.60  2006.88 
    115.70  2030.00 
    115.80  2035.50 
    115.90  2122.62 
    116.00  2077.50 
    116.10  1841.88 
    116.20  1861.25 
    116.30  1837.62 
    116.40  1822.25 
    116.50  1835.00 
    116.60  1832.25 
    116.70  1863.00 
    116.80  2041.12 
    116.90  1821.50 
    117.00  1886.38 
    117.10  1832.50 
    117.20  1972.88 
    117.30  1834.12 
    117.40  1853.00 
    117.50  1845.62 
    117.60  1872.00 
    117.70  1747.50 
    117.80  1936.38 
    117.90  1725.62 
    118.00  1874.12 
    118.10  1857.50 
    118.20  2034.62 
    118.30  1824.50 
    118.40  2029.75 
    118.50  2024.38 
    118.60  2024.38 
    118.70  1912.75 
    118.80  1906.12 
    118.90  1902.88 
    119.00  1776.00 
    119.10  1914.62 
    119.20  1974.38 
    119.30  1720.00 
    119.40  1901.50 
    119.50  2008.12 
    119.60  1952.50 
    119.70  1832.25 
    119.80  1967.50 
    119.90  1879.25 
    120.00  1934.25 
    120.10  1843.00 
    120.20  1977.12 
    120.30  1971.50 
    120.40  1899.75 
    120.50  1768.75 
    120.60  1867.25 
    120.70  1837.62 
    120.80  1777.50 
    120.90  1845.88 
    121.00  1860.12 
    121.10  1990.75 
    121.20  1892.25 
    121.30  1927.25 
    121.40  1807.25 
    121.50  1873.12 
    121.60  1899.25 
    121.70  1861.12 
    121.80  1814.88 
    121.90  1934.50 
    122.00  2002.50 
    122.10  2075.12 
    122.20  2047.25 
    122.30  1978.50 
    122.40  2139.00 
    122.50  2113.62 
    122.60  2057.62 
    122.70  1996.38 
    122.80  1969.88 
    122.90  1945.75 
    123.00  2019.12 
    123.10  2020.00 
    123.20  2141.50 
    123.30  2073.38 
    123.40  2024.62 
    123.50  2079.00 
    123.60  1888.00 
    123.70  1821.75 
    123.80  1897.50 
    123.90  1965.50 
    124.00  1946.25 
    124.10  2071.75 
    124.20  1934.12 
    124.30  1962.38 
    124.40  1923.88 
    124.50  1968.25 
    124.60  1885.75 
    124.70  1934.75 
    124.80  1805.88 
    124.90  2086.25 
    125.00  1925.88 
    125.10  1920.75 
    125.20  2031.88 
    125.30  1955.75 
    125.40  1967.38 
    125.50  1967.50 
    125.60  1919.88 
    125.70  2017.00 
    125.80  1920.38 
    125.90  1998.50 
    126.00  1905.25 
    126.10  1908.50 
    126.20  1747.38 
    126.30  1942.00 
    126.40  1712.25 
    126.50  1713.88 
    126.60  1799.50 
    126.70  1928.25 
    126.80  1834.38 
    126.90  2034.62 
    127.00  1873.38 
    127.10  1905.50 
    127.20  1876.25 
    127.30  1920.00 
    127.40  2030.88 
    127.50  2098.38 
    127.60  1849.25 
    127.70  1846.50 
    127.80  1995.50 
    127.90  2020.25 
    128.00  1982.62 
    128.10  1789.25 
    128.20  1825.00 
    128.30  1843.25 
    128.40  1790.50 
    128.50  2000.50 
    128.60  1699.38 
    128.70  1897.12 
    128.80  1973.88 
    128.90  1995.25 
    129.00  1854.75 
    129.10  1930.25 
    129.20  2039.00 
    129.30  1985.75 
    129.40  2015.50 
    129.50  1976.00 
    129.60  1900.75 
    129.70  1956.25 
    129.80  2092.75 
    129.90  1888.75 
    130.00  1895.88 
    130.10  1807.25 
    130.20  1999.88 
    130.30  1910.38 
    130.40  1887.00 
    130.50  1966.12 
    130.60  1905.00 
    130.70  1831.38 
    130.80  1874.00 
    130.90  1994.12 
    131.00  1820.75 
    131.10  1828.00 
    131.20  1928.38 
    131.30  1971.25 
    131.40  1994.38 
    131.50  2012.38 
    131.60  2007.00 
    131.70  1894.88 
    131.80  1948.38 
    131.90  1832.12 
    132.00  2074.12 
    132.10  2099.12 
    132.20  1914.62 
    132.30  2046.00 
    132.40  1995.88 
    132.50  1905.00 
    132.60  1905.25 
    132.70  1858.00 
    132.80  1877.12 
    132.90  1909.00 
    133.00  1940.25 
    133.10  2107.50 
    133.20  1943.50 
    133.30  1930.62 
    133.40  1877.88 
    133.50  1862.75 
    133.60  1824.75 
    133.70  1963.75 
    133.80  1948.12 
    133.90  2060.12 
    134.00  2084.75 
    134.10  1991.75 
    134.20  1907.88 
    134.30  1907.88 
    134.40  1860.62 
    134.50  1925.62 
    134.60  1865.88 
    134.70  1884.12 
    134.80  1941.38 
    134.90  1852.00 
    135.00  1959.62 
    135.10  2105.00 
    135.20  1821.62 
    135.30  1961.25 
    135.40  1918.75 
    135.50  1950.38 
    135.60  1952.75 
    135.70  1947.25 
    135.80  1990.50 
    135.90  1817.12 
    136.00  1980.62 
    136.10  1961.12 
    136.20  1960.38 
    136.30  1952.88 
    136.40  1994.00 
    136.50  2047.50 
    136.60  1994.00 
    136.70  1873.25 
    136.80  1941.00 
    136.90  2000.50 
    137.00  1878.88 
    137.10  1960.25 
    137.20  1916.62 
    137.30  2010.38 
    137.40  1981.38 
    137.50  1954.12 
    137.60  2034.75 
    137.70  2022.00 
    137.80  2014.25 
    137.90  1953.75 
    138.00  1975.88 
    138.10  2032.62 
    138.20  1990.75 
    138.30  2088.50 
    138.40  1918.50 
    138.50  1964.50 
    138.60  1922.62 
    138.70  2022.00 
    138.80  1975.88 
    138.90  1892.50 
    139.00  1868.75 
    139.10  2054.50 
    139.20  1980.38 
    139.30  1783.50 
    139.40  1895.25 
    139.50  1884.62 
    139.60  1854.50 
    139.70  1930.62 
    139.80  2008.88 
    139.90  2026.00 
    140.00  1869.62 
    140.10  1931.00 
    140.20  1932.50 
    140.30  2087.25 
    140.40  2185.88 
    140.50  2223.88 
    140.60  1874.00 
    140.70  1907.25 
    140.80  1890.62 
    140.90  1919.50 
    141.00  1993.38 
    141.10  1890.38 
    141.20  2017.50 
    141.30  1972.00 
    141.40  1885.88 
    141.50  1923.00 
    141.60  1951.62 
    141.70  1949.50 
    141.80  1854.62 
    141.90  1984.62 
    142.00  1968.38 
    142.10  1935.38 
    142.20  1805.38 
    142.30  1982.50 
    142.40  2113.12 
    142.50  2240.38 
    142.60  1962.25 
    142.70  1864.25 
    142.80  1950.50 
    142.90  1855.25 
    143.00  2031.88 
    143.10  1900.38 
    143.20  1997.25 
    143.30  1952.25 
    143.40  1947.62 
    143.50  1950.12 
    143.60  1897.75 
    143.70  1964.62 
    143.80  1999.88 
    143.90  1960.38 
    144.00  2086.62 
    144.10  1965.75 
    144.20  1853.62 
    144.30  1925.62 
    144.40  1952.75 
    144.50  1928.75 
    144.60  1866.62 
    144.70  1959.88 
    144.80  1939.50 
    144.90  1988.00 
    145.00  2210.88 
    145.10  1939.75 
    145.20  1934.75 
    145.30  2008.12 
    145.40  1728.62 
    145.50  1963.50 
    145.60  1878.00 
    145.70  1692.12 
    145.80  1962.00 
    145.90  1935.50 
    146.00  1794.38 
    146.10  1804.38 
    146.20  1924.75 
    146.30  1930.50 
    146.40  1877.00 
    146.50  1797.25 
    146.60  1930.62 
    146.70  1826.88 
    146.80  1817.25 
    146.90  1794.38 
    147.00  1806.50 
    147.10  1821.00 
    147.20  1885.50 
    147.30  1660.25 
    147.40  1738.12 
    147.50  1793.12 
    147.60  1883.62 
    147.70  1799.38 
    147.80  1852.12 
    147.90  2125.12 
    148.00  1962.62 
    148.10  1909.75 
    148.20  1839.50 
    148.30  1851.88 
    148.40  1934.38 
    148.50  1931.00 
    148.60  1757.12 
    148.70  1928.38 
    148.80  1818.12 
    148.90  1896.50 
    149.00  1894.12 
    149.10  1838.38 
    149.20  1833.12 
    149.30  1874.25 
    149.40  1794.88 
    149.50  1875.50 
    149.60  1852.62 
    149.70  1948.12 
    149.80  1788.75 
    149.90  1946.75 
    150.00  1987.75 
    150.10  1930.75 
    150.20  2110.25 
    150.30  2233.50 
    150.40  2076.50 
    150.50  2066.38 
    150.60  2097.75 
    150.70  2111.62 
    150.80  1991.38 
    150.90  2042.88 
    151.00  1899.50 
    151.10  2035.50 
    151.20  1861.25 
    151.30  1899.12 
    151.40  2174.62 
    151.50  2198.12 
    151.60  1878.50 
    151.70  2092.38 
    151.80  2040.12 
    151.90  1982.62 
    152.00  2093.62 
    152.10  1985.75 
    152.20  1974.38 
    152.30  1944.25 
    152.40  1807.00 
    152.50  1943.62 
    152.60  1970.88 
    152.70  2087.38 
    152.80  2041.75 
    152.90  2034.88 
    153.00  2008.38 
    153.10  2013.88 
    153.20  1787.50 
    153.30  1986.25 
    153.40  1959.00 
    153.50  1963.88 
    153.60  1979.38 
    153.70  1968.88 
    153.80  1977.25 
    153.90  1987.50 
    154.00  1810.88 
    154.10  1940.88 
    154.20  1897.75 
    154.30  2030.75 
    154.40  1878.38 
    154.50  2025.50 
    154.60  1892.25 
    154.70  2022.50 
    154.80  2047.00 
    154.90  2118.25 
    155.00  1933.62 
    155.10  2034.00 
    155.20  1968.50 
    155.30  1918.38 
    155.40  1817.62 
    155.50  1951.88 
    155.60  1921.12 
    155.70  1921.88 
    155.80  1960.38 
    155.90  1936.00 
    156.00  2045.50 
    156.10  1906.12 
    156.20  1962.38 
    156.30  1963.88 
    156.40  1894.50 
    156.50  1895.38 
    156.60  1816.50 
    156.70  2005.25 
    156.80  1907.38 
    156.90  2045.38 
    157.00  1968.75 
    157.10  2054.50 
    157.20  1904.25 
    157.30  1948.88 
    157.40  1896.12 
    157.50  2047.25 
    157.60  1847.88 
    157.70  1907.00 
    157.80  1797.38 
    157.90  1830.88 
    158.00  1860.50 
    158.10  1730.62 
    158.20  1714.38 
    158.30  1829.25 
    158.40  1841.38 
    158.50  1838.50 
    158.60  1963.88 
    158.70  1979.50 
    158.80  1956.62 
    158.90  1833.75 
    159.00  1882.75 
    159.10  1700.50 
    159.20  1962.75 
    159.30  1876.88 
    159.40  1917.62 
    159.50  1883.62 
    159.60  1955.50 
    159.70  2042.75 
    159.80  1870.88 
    159.90  1907.88 
    160.00  1836.50 
    160.10  1896.75 
    160.20  2025.38 
    160.30  1944.62 
    160.40  1966.62 
    160.50  2073.50 
    160.60  2030.00 
    160.70  1913.25 
    160.80  1894.75 
    160.90  2079.75 
    161.00  1964.12 
    161.10  2150.12 
    161.20  2045.00 
    161.30  2325.62 
    161.40  2071.75 
    161.50  2354.12 
    161.60  1938.75 
    161.70  2160.25 
    161.80  1856.00 
    161.90  1880.25 
    162.00  1829.00 
    162.10  1760.25 
    162.20  1826.00 
    162.30  1799.12 
    162.40  1716.38 
    162.50  1707.75 
    162.60  1809.38 
    162.70  1844.50 
    162.80  1860.38 
    162.90  1801.50 
    163.00  1755.25 
    163.10  1835.38 
    163.20  2031.38 
    163.30  1953.50 
    163.40  1869.25 
    163.50  1903.00 
    163.60  2022.00 
    163.70  1865.25 
    163.80  2202.50 
    163.90  1948.12 
    164.00  2083.88 
    164.10  1952.62 
    164.20  2110.50 
    164.30  2091.62 
    164.40  2130.25 
    164.50  1832.00 
    164.60  1885.12 
    164.70  1911.38 
    164.80  2130.00 
    164.90  1875.88 
    165.00  1900.62 
    165.10  1879.88 
    165.20  2049.75 
    165.30  1991.62 
    165.40  1884.50 
    165.50  1837.88 
    165.60  1620.12 
    165.70  1780.12 
    165.80  1816.25 
    165.90  1739.25 
    166.00  1927.00 
    166.10  1954.25 
    166.20  1849.12 
    166.30  1716.38 
    166.40  1769.38 
    166.50  1871.50 
    166.60  1763.88 
    166.70  1771.38 
    166.80  1744.00 
    166.90  1854.88 
    167.00  1805.00 
    167.10  1859.50 
    167.20  1766.75 
    167.30  1805.75 
    167.40  1865.38 
    167.50  1926.12 
    167.60  1914.12 
    167.70  1736.12 
    167.80  1789.38 
    167.90  1938.25 
    168.00  2023.38 
    168.10  2015.25 
    168.20  1963.12 
    168.30  1996.25 
    168.40  1872.88 
    168.50  2018.25 
    168.60  2045.88 
    168.70  2073.50 
    168.80  2057.12 
    168.90  1843.62 
    169.00  1916.50 
    169.10  1868.75 
    169.20  1990.00 
    169.30  1881.50 
    169.40  1883.62 
    169.50  1897.62 
    169.60  1889.00 
    169.70  1929.00 
    169.80  1915.25 
    169.90  1751.00 
    170.00  2027.12 
    170.10  1799.50 
    170.20  1947.88 
    170.30  1749.75 
    170.40  1838.12 
    170.50  1823.50 
    170.60  1906.62 
    170.70  1773.62 
    170.80  1838.00 
    170.90  1831.50 
    171.00  1935.50 
    171.10  1852.50 
    171.20  1849.38 
    171.30  2058.38 
    171.40  2084.00 
    171.50  2129.75 
    171.60  2023.88 
    171.70  1874.88 
    171.80  1730.88 
    171.90  1803.12 
    172.00  1981.38 
    172.10  1816.50 
    172.20  1813.50 
    172.30  1822.62 
    172.40  1846.00 
    172.50  2043.50 
    172.60  2015.25 
    172.70  2033.50 
    172.80  2108.75 
    172.90  2131.12 
    173.00  2038.62 
    173.10  2017.75 
    173.20  2028.12 
    173.30  2076.38 
    173.40  2427.00 
    173.50  2055.00 
    173.60  2154.12 
    173.70  2001.62 
    173.80  2019.38 
    173.90  2037.50 
    174.00  2109.88 
    174.10  1994.88 
    174.20  1946.00 
    174.30  2203.50 
    174.40  2144.00 
    174.50  2061.12 
    174.60  2134.00 
    174.70  2030.88 
    174.80  1988.88 
    174.90  2059.88 
    175.00  2070.25 
    175.10  2097.75 
    175.20  2117.38 
    175.30  2167.62 
    175.40  1968.38 
    175.50  2077.38 
    175.60  2042.12 
    175.70  2003.12 
    175.80  2002.00 
    175.90  2089.50 
    176.00  2092.50 
    176.10  2030.88 
    176.20  1993.38 
    176.30  2109.12 
    176.40  1997.75 
    176.50  2031.50 
    176.60  2026.88 
    176.70  2006.38 
    176.80  1977.25 
    176.90  1903.38 
    177.00  1971.75 
    177.10  1846.75 
    177.20  1858.88 
    177.30  1915.62 
    177.40  1873.62 
    177.50  1928.38 
    177.60  1933.38 
    177.70  1845.75 
    177.80  1850.62 
    177.90  1978.12 
    178.00  1863.00 
    178.10  1969.75 
    178.20  2103.75 
    178.30  2038.25 
    178.40  2076.62 
    178.50  2020.12 
    178.60  1895.38 
    178.70  1969.50 
    178.80  1980.50 
    178.90  1920.62 
    179.00  2177.25 
    179.10  1968.12 
    179.20  1955.88 
    179.30  2074.75 
    179.40  1997.00 
    179.50  1870.25 
    179.60  1783.62 
    179.70  1892.25 
    179.80  1999.00 
    179.90  1925.38 
