      Time   barrel 
      0.00  1356.88 
      0.10  1538.75 
      0.20  1546.00 
      0.30  1563.75 
      0.40  1403.38 
      0.50  1510.12 
      0.60  1577.12 
      0.70  1512.88 
      0.80  1476.75 
      0.90  1465.38 
      1.00  1374.25 
      1.10  1391.38 
      1.20  1506.38 
      1.30  1673.25 
      1.40  1486.75 
      1.50  1481.88 
      1.60  1515.62 
      1.70  1568.75 
      1.80  1765.25 
      1.90  1600.12 
      2.00  1514.38 
      2.10  1387.88 
      2.20  1330.75 
      2.30  1323.75 
      2.40  1482.88 
      2.50  1536.62 
      2.60  1737.62 
      2.70  1418.88 
      2.80  1622.62 
      2.90  1553.50 
      3.00  1429.75 
      3.10  1412.12 
      3.20  1543.12 
      3.30  1368.12 
      3.40  1498.25 
      3.50  1442.75 
      3.60  1654.38 
      3.70  1384.62 
      3.80  1524.25 
      3.90  1617.38 
      4.00  1446.12 
      4.10  1445.50 
      4.20  1465.50 
      4.30  1527.38 
      4.40  1545.50 
      4.50  1660.00 
      4.60  1710.62 
      4.70  1733.38 
      4.80  1543.25 
      4.90  1715.75 
      5.00  1711.88 
      5.10  1493.00 
      5.20  1469.25 
      5.30  1564.75 
      5.40  1648.75 
      5.50  1570.00 
      5.60  1780.75 
      5.70  1676.75 
      5.80  1792.00 
      5.90  1521.25 
      6.00  1524.12 
      6.10  1647.00 
      6.20  1683.62 
      6.30  1690.25 
      6.40  1656.88 
      6.50  1571.88 
      6.60  1529.38 
      6.70  1722.12 
      6.80  1639.50 
      6.90  1551.00 
      7.00  1790.25 
      7.10  1563.00 
      7.20  1721.38 
      7.30  1787.88 
      7.40  1741.88 
      7.50  1883.88 
      7.60  1836.62 
      7.70  1733.12 
      7.80  1830.75 
      7.90  1642.88 
      8.00  1729.75 
      8.10  1696.12 
      8.20  1918.38 
      8.30  1784.00 
      8.40  2046.00 
      8.50  1830.88 
      8.60  1943.00 
      8.70  1858.12 
      8.80  1733.62 
      8.90  1951.62 
      9.00  2006.12 
      9.10  1912.12 
      9.20  1956.50 
      9.30  1868.00 
      9.40  1872.88 
      9.50  2081.75 
      9.60  1707.75 
      9.70  1711.38 
      9.80  1579.50 
      9.90  1509.50 
     10.00  1613.50 
     10.10  1354.25 
     10.20  1578.88 
     10.30  1644.88 
     10.40  1476.00 
     10.50  1551.12 
     10.60  1655.25 
     10.70  1573.75 
     10.80  1623.12 
     10.90  1459.50 
     11.00  1455.62 
     11.10  1250.88 
     11.20  1389.50 
     11.30  1945.00 
     11.40  1735.25 
     11.50  1792.88 
     11.60  1662.88 
     11.70  1738.12 
     11.80  1483.50 
     11.90  1522.88 
     12.00  1798.75 
     12.10  1826.25 
     12.20  1951.25 
     12.30  1775.25 
     12.40  1849.62 
     12.50  1747.00 
     12.60  1750.88 
     12.70  1541.88 
     12.80  1445.88 
     12.90  1566.12 
     13.00  1450.38 
     13.10  1351.12 
     13.20  1467.88 
     13.30  1377.00 
     13.40  1588.50 
     13.50  1573.00 
     13.60  1391.25 
     13.70  1664.50 
     13.80  1521.50 
     13.90  1631.50 
     14.00  1551.25 
     14.10  1551.00 
     14.20  1745.38 
     14.30  1723.12 
     14.40  1723.00 
     14.50  1566.38 
     14.60  1623.00 
     14.70  1510.62 
     14.80  1449.75 
     14.90  1390.50 
     15.00  1173.75 
     15.10  1199.12 
     15.20  1286.50 
     15.30  1426.00 
     15.40  1304.62 
     15.50  1214.62 
     15.60  1453.62 
     15.70  1583.88 
     15.80  1735.25 
     15.90  1698.62 
     16.00  1606.12 
     16.10  1847.75 
     16.20  1567.88 
     16.30  1594.25 
     16.40  1609.75 
     16.50  1792.50 
     16.60  1791.62 
     16.70  1804.75 
     16.80  1873.62 
     16.90  1590.25 
     17.00  1907.88 
     17.10  1736.38 
     17.20  1741.25 
     17.30  1824.38 
     17.40  1645.25 
     17.50  1717.88 
     17.60  1596.62 
     17.70  1549.50 
     17.80  1657.00 
     17.90  1795.25 
     18.00  1656.88 
     18.10  1571.88 
     18.20  1654.50 
     18.30  1796.75 
     18.40  1686.62 
     18.50  1673.88 
     18.60  1735.38 
     18.70  1676.12 
     18.80  1684.62 
     18.90  1573.75 
     19.00  1409.25 
     19.10  1431.50 
     19.20  1514.62 
     19.30  1508.88 
     19.40  1470.88 
     19.50  1540.88 
     19.60  1663.38 
     19.70  1299.50 
     19.80  1356.75 
     19.90  1457.25 
     20.00  1239.75 
     20.10  1255.00 
     20.20  1461.12 
     20.30  1374.88 
     20.40  1267.25 
     20.50  1259.12 
     20.60  1415.38 
     20.70  1280.75 
     20.80  1310.62 
     20.90  1339.00 
     21.00  1333.50 
     21.10  1354.88 
     21.20  1445.88 
     21.30  1368.62 
     21.40  1348.75 
     21.50  1346.38 
     21.60  1474.00 
     21.70  1368.50 
     21.80  1511.25 
     21.90  1346.38 
     22.00  1660.38 
     22.10  1396.00 
     22.20  1395.62 
     22.30  1280.00 
     22.40  1355.88 
     22.50  1434.75 
     22.60  1384.50 
     22.70  1490.75 
     22.80  1392.25 
     22.90  1359.50 
     23.00  1373.50 
     23.10  1438.50 
     23.20  1359.75 
     23.30  1448.88 
     23.40  1507.25 
     23.50  1328.62 
     23.60  1324.88 
     23.70  1460.50 
     23.80  1436.62 
     23.90  1446.62 
     24.00  1494.25 
     24.10  1393.50 
     24.20  1484.62 
     24.30  1477.12 
     24.40  1482.88 
     24.50  1347.00 
     24.60  1492.75 
     24.70  1427.38 
     24.80  1421.88 
     24.90  1419.88 
     25.00  1435.75 
     25.10  1560.12 
     25.20  1538.38 
     25.30  1394.38 
     25.40  1523.75 
     25.50  1430.12 
     25.60  1532.00 
     25.70  1482.12 
     25.80  1471.25 
     25.90  1432.38 
     26.00  1543.75 
     26.10  1436.25 
     26.20  1501.50 
     26.30  1481.75 
     26.40  1435.62 
     26.50  1562.00 
     26.60  1382.62 
     26.70  1625.62 
     26.80  1441.75 
     26.90  1561.12 
     27.00  1434.38 
     27.10  1264.00 
     27.20  1316.88 
     27.30  1319.62 
     27.40  1325.88 
     27.50  1254.62 
     27.60  1267.50 
     27.70  1315.88 
     27.80  1334.88 
     27.90  1307.00 
     28.00  1293.38 
     28.10  1318.12 
     28.20  1422.88 
     28.30  1330.00 
     28.40  1350.00 
     28.50  1274.00 
     28.60  1346.00 
     28.70  1262.62 
     28.80  1318.25 
     28.90  1314.00 
     29.00  1203.50 
     29.10  1218.62 
     29.20  1336.88 
     29.30  1293.62 
     29.40  1339.88 
     29.50  1327.75 
     29.60  1264.12 
     29.70  1291.62 
     29.80  1351.75 
     29.90  1374.75 
     30.00  1383.25 
     30.10  1335.50 
     30.20  1325.88 
     30.30  1325.88 
     30.40  1207.38 
     30.50  1370.88 
     30.60  1331.88 
     30.70  1345.88 
     30.80  1459.38 
     30.90  1286.50 
     31.00  1223.00 
     31.10  1381.88 
     31.20  1373.00 
     31.30  1210.88 
     31.40  1308.75 
     31.50  1263.75 
     31.60  1324.62 
     31.70  1391.62 
     31.80  1242.00 
     31.90  1328.38 
     32.00  1413.12 
     32.10  1482.38 
     32.20  1302.00 
     32.30  1457.25 
     32.40  1434.25 
     32.50  1513.12 
     32.60  1432.00 
     32.70  1428.25 
     32.80  1377.38 
     32.90  1485.75 
     33.00  1503.38 
     33.10  1455.38 
     33.20  1471.38 
     33.30  1529.00 
     33.40  1458.00 
     33.50  1462.62 
     33.60  1477.75 
     33.70  1482.12 
     33.80  1284.00 
     33.90  1304.00 
     34.00  1369.75 
     34.10  1270.25 
     34.20  1237.25 
     34.30  1295.62 
     34.40  1437.75 
     34.50  1351.38 
     34.60  1507.50 
     34.70  1407.00 
     34.80  1359.00 
     34.90  1335.50 
     35.00  1515.25 
     35.10  1441.75 
     35.20  1393.50 
     35.30  1500.25 
     35.40  1321.75 
     35.50  1429.38 
     35.60  1455.62 
     35.70  1657.38 
     35.80  1586.50 
     35.90  1661.12 
     36.00  1492.25 
     36.10  1418.38 
     36.20  1376.50 
     36.30  1349.12 
     36.40  1388.00 
     36.50  1292.00 
     36.60  1350.88 
     36.70  1482.75 
     36.80  1356.12 
     36.90  1363.12 
     37.00  1385.62 
     37.10  1279.25 
     37.20  1390.62 
     37.30  1339.75 
     37.40  1340.00 
     37.50  1289.62 
     37.60  1271.12 
     37.70  1332.50 
     37.80  1331.38 
     37.90  1514.12 
     38.00  1383.62 
     38.10  1310.88 
     38.20  1391.00 
     38.30  1461.50 
     38.40  1372.88 
     38.50  1465.88 
     38.60  1337.38 
     38.70  1296.38 
     38.80  1294.38 
     38.90  1393.75 
     39.00  1274.88 
     39.10  1460.75 
     39.20  1299.88 
     39.30  1403.88 
     39.40  1345.00 
     39.50  1383.75 
     39.60  1342.75 
     39.70  1500.00 
     39.80  1256.38 
     39.90  1274.88 
     40.00  1318.00 
     40.10  1312.38 
     40.20  1288.50 
     40.30  1301.25 
     40.40  1280.88 
     40.50  1342.25 
     40.60  1202.75 
     40.70  1333.12 
     40.80  1377.38 
     40.90  1314.88 
     41.00  1327.50 
     41.10  1383.88 
     41.20  1333.12 
     41.30  1380.50 
     41.40  1303.50 
     41.50  1379.75 
     41.60  1315.50 
     41.70  1176.25 
     41.80  1305.88 
     41.90  1241.12 
     42.00  1270.25 
     42.10  1371.12 
     42.20  1294.50 
     42.30  1270.62 
     42.40  1286.00 
     42.50  1249.25 
     42.60  1307.62 
     42.70  1224.50 
     42.80  1232.62 
     42.90  1300.00 
     43.00  1329.62 
     43.10  1245.00 
     43.20  1284.75 
     43.30  1295.75 
     43.40  1316.00 
     43.50  1362.75 
     43.60  1279.62 
     43.70  1322.00 
     43.80  1299.75 
     43.90  1297.50 
     44.00  1252.62 
     44.10  1229.88 
     44.20  1237.00 
     44.30  1301.38 
     44.40  1275.25 
     44.50  1226.75 
     44.60  1246.00 
     44.70  1285.38 
     44.80  1168.50 
     44.90  1204.62 
     45.00  1230.25 
     45.10  1355.88 
     45.20  1509.50 
     45.30  1301.38 
     45.40  1308.25 
     45.50  1280.00 
     45.60  1301.62 
     45.70  1349.38 
     45.80  1302.25 
     45.90  1286.38 
     46.00  1340.38 
     46.10  1314.00 
     46.20  1240.88 
     46.30  1329.75 
     46.40  1348.12 
     46.50  1337.75 
     46.60  1281.12 
     46.70  1285.38 
     46.80  1252.25 
     46.90  1261.62 
     47.00  1343.88 
     47.10  1354.75 
     47.20  1240.50 
     47.30  1225.00 
     47.40  1198.00 
     47.50  1301.25 
     47.60  1257.00 
     47.70  1261.00 
     47.80  1201.62 
     47.90  1318.50 
     48.00  1154.62 
     48.10  1157.75 
     48.20  1200.38 
     48.30  1281.88 
     48.40  1266.25 
     48.50  1284.00 
     48.60  1422.38 
     48.70  1272.62 
     48.80  1294.25 
     48.90  1259.62 
     49.00  1353.25 
     49.10  1226.75 
     49.20  1272.75 
     49.30  1299.12 
     49.40  1269.12 
     49.50  1282.25 
     49.60  1284.88 
     49.70  1269.50 
     49.80  1328.12 
     49.90  1299.75 
     50.00  1358.88 
     50.10  1388.88 
     50.20  1435.88 
     50.30  1246.88 
     50.40  1352.00 
     50.50  1402.00 
     50.60  1258.38 
     50.70  1315.88 
     50.80  1286.62 
     50.90  1415.62 
     51.00  1360.12 
     51.10  1307.50 
     51.20  1384.25 
     51.30  1310.50 
     51.40  1407.50 
     51.50  1288.75 
     51.60  1265.38 
     51.70  1339.62 
     51.80  1585.50 
     51.90  1491.75 
     52.00  1628.00 
     52.10  1580.12 
     52.20  1523.62 
     52.30  1672.12 
     52.40  1588.00 
     52.50  1487.88 
     52.60  1392.62 
     52.70  1306.62 
     52.80  1316.12 
     52.90  1313.38 
     53.00  1291.75 
     53.10  1360.00 
     53.20  1339.88 
     53.30  1441.25 
     53.40  1293.25 
     53.50  1329.88 
     53.60  1375.50 
     53.70  1258.88 
     53.80  1364.12 
     53.90  1292.12 
     54.00  1394.75 
     54.10  1295.50 
     54.20  1483.75 
     54.30  1471.38 
     54.40  1597.38 
     54.50  1643.12 
     54.60  1552.50 
     54.70  1302.25 
     54.80  1522.25 
     54.90  1487.75 
     55.00  1548.38 
     55.10  1497.75 
     55.20  1494.75 
     55.30  1487.25 
     55.40  1544.50 
     55.50  1570.25 
     55.60  1635.62 
     55.70  1505.00 
     55.80  1618.75 
     55.90  1516.00 
     56.00  1612.88 
     56.10  1726.38 
     56.20  1620.88 
     56.30  1786.62 
     56.40  1549.88 
     56.50  1546.12 
     56.60  1606.88 
     56.70  1626.62 
     56.80  1442.12 
     56.90  1666.00 
     57.00  1482.62 
     57.10  1574.88 
     57.20  1512.50 
     57.30  1560.25 
     57.40  1425.25 
     57.50  1447.50 
     57.60  1497.12 
     57.70  1751.75 
     57.80  1706.38 
     57.90  1708.38 
     58.00  1550.12 
     58.10  1394.62 
     58.20  1559.75 
     58.30  1464.62 
     58.40  1520.50 
     58.50  1532.50 
     58.60  1473.12 
     58.70  1508.12 
     58.80  1467.50 
     58.90  1416.62 
     59.00  1543.62 
     59.10  1392.00 
     59.20  1337.38 
     59.30  1390.00 
     59.40  1483.12 
     59.50  1402.25 
     59.60  1414.00 
     59.70  1476.00 
     59.80  1622.75 
     59.90  1618.25 
     60.00  1429.25 
     60.10  1319.62 
     60.20  1336.00 
     60.30  1325.38 
     60.40  1439.38 
     60.50  1477.75 
     60.60  1297.38 
     60.70  1369.50 
     60.80  1494.38 
     60.90  1513.88 
     61.00  1424.12 
     61.10  1342.75 
     61.20  1273.50 
     61.30  1273.88 
     61.40  1195.88 
     61.50  1228.25 
     61.60  1143.25 
     61.70  1230.62 
     61.80  1100.62 
     61.90  1245.38 
     62.00  1114.25 
     62.10  1138.25 
     62.20  1228.62 
     62.30  1314.62 
     62.40  1195.38 
     62.50  1298.00 
     62.60  1299.25 
     62.70  1253.38 
     62.80  1126.12 
     62.90  1118.88 
     63.00  1285.62 
     63.10  1262.25 
     63.20  1361.88 
     63.30  1248.38 
     63.40  1323.12 
     63.50  1382.88 
     63.60  1212.38 
     63.70  1152.25 
     63.80  1326.88 
     63.90  1232.12 
     64.00  1283.38 
     64.10  1256.75 
     64.20  1213.25 
     64.30  1343.62 
     64.40  1254.25 
     64.50  1326.50 
     64.60  1298.12 
     64.70  1238.88 
     64.80  1481.38 
     64.90  1200.12 
     65.00  1254.88 
     65.10  1295.88 
     65.20  1133.38 
     65.30  1174.38 
     65.40  1209.12 
     65.50  1116.38 
     65.60  1077.25 
     65.70  1102.62 
     65.80  1122.62 
     65.90  1219.62 
     66.00  1156.00 
     66.10  1235.25 
     66.20  1264.12 
     66.30  1283.88 
     66.40  1195.25 
     66.50  1167.12 
     66.60  1159.50 
     66.70  1144.00 
     66.80  1132.88 
     66.90  1195.62 
     67.00  1138.00 
     67.10  1243.38 
     67.20  1163.50 
     67.30  1330.88 
     67.40  1207.25 
     67.50  1277.62 
     67.60  1135.38 
     67.70  1209.00 
     67.80  1227.75 
     67.90  1155.75 
     68.00  1244.50 
     68.10  1127.38 
     68.20  1136.75 
     68.30  1163.25 
     68.40  1240.88 
     68.50  1323.38 
     68.60  1132.50 
     68.70  1203.12 
     68.80  1219.62 
     68.90  1094.75 
     69.00  1106.50 
     69.10  1299.50 
     69.20  1166.25 
     69.30  1145.88 
     69.40  1182.38 
     69.50  1232.75 
     69.60  1273.75 
     69.70  1328.25 
     69.80  1282.12 
     69.90  1301.75 
     70.00  1333.25 
     70.10  1232.75 
     70.20  1212.00 
     70.30  1312.12 
     70.40  1299.62 
     70.50  1266.38 
     70.60  1231.50 
     70.70  1202.25 
     70.80  1171.12 
     70.90  1157.88 
     71.00  1174.12 
     71.10  1113.00 
     71.20  1200.50 
     71.30  1185.75 
     71.40  1257.12 
     71.50  1190.75 
     71.60  1238.75 
     71.70  1185.50 
     71.80  1300.00 
     71.90  1196.12 
     72.00  1103.75 
     72.10  1205.12 
     72.20  1268.88 
     72.30  1150.12 
     72.40  1157.50 
     72.50  1239.50 
     72.60  1191.62 
     72.70  1236.25 
     72.80  1181.75 
     72.90  1283.38 
     73.00  1180.25 
     73.10  1133.75 
     73.20  1162.88 
     73.30  1303.12 
     73.40  1206.25 
     73.50  1238.38 
     73.60  1241.00 
     73.70  1203.88 
     73.80  1182.50 
     73.90  1272.12 
     74.00  1187.38 
     74.10  1244.25 
     74.20  1203.38 
     74.30  1186.50 
     74.40  1371.88 
     74.50  1449.00 
     74.60  1405.62 
     74.70  1353.25 
     74.80  1401.62 
     74.90  1351.62 
     75.00  1306.00 
     75.10  1410.38 
     75.20  1323.38 
     75.30  1237.88 
     75.40  1248.25 
     75.50  1258.38 
     75.60  1216.12 
     75.70  1332.88 
     75.80  1157.12 
     75.90  1269.88 
     76.00  1090.25 
     76.10  1217.50 
     76.20  1271.00 
     76.30  1393.00 
     76.40  1401.50 
     76.50  1319.50 
     76.60  1252.25 
     76.70  1382.75 
     76.80  1240.62 
     76.90  1440.62 
     77.00  1289.62 
     77.10  1237.25 
     77.20  1255.62 
     77.30  1190.62 
     77.40  1187.62 
     77.50  1184.75 
     77.60  1301.88 
     77.70  1208.88 
     77.80  1220.12 
     77.90  1115.50 
     78.00  1192.00 
     78.10  1206.12 
     78.20  1215.88 
     78.30  1255.00 
     78.40  1278.25 
     78.50  1214.75 
     78.60  1274.12 
     78.70  1252.38 
     78.80  1158.00 
     78.90  1190.38 
     79.00  1253.50 
     79.10  1124.50 
     79.20  1239.88 
     79.30  1339.62 
     79.40  1381.38 
     79.50  1298.25 
     79.60  1474.88 
     79.70  1371.25 
     79.80  1350.25 
     79.90  1430.00 
     80.00  1571.88 
     80.10  1514.88 
     80.20  1672.88 
     80.30  1635.75 
     80.40  1484.75 
     80.50  1594.00 
     80.60  1527.38 
     80.70  1373.38 
     80.80  1413.50 
     80.90  1453.00 
     81.00  1370.38 
     81.10  1267.62 
     81.20  1411.00 
     81.30  1324.38 
     81.40  1319.38 
     81.50  1174.12 
     81.60  1341.88 
     81.70  1316.25 
     81.80  1210.12 
     81.90  1315.75 
     82.00  1284.62 
     82.10  1343.00 
     82.20  1335.50 
     82.30  1203.88 
     82.40  1289.75 
     82.50  1392.25 
     82.60  1333.00 
     82.70  1279.88 
     82.80  1408.75 
     82.90  1379.38 
     83.00  1428.62 
     83.10  1261.88 
     83.20  1362.75 
     83.30  1498.00 
     83.40  1472.88 
     83.50  1320.88 
     83.60  1370.75 
     83.70  1319.75 
     83.80  1291.38 
     83.90  1250.38 
     84.00  1333.00 
     84.10  1260.00 
     84.20  1330.75 
     84.30  1227.00 
     84.40  1263.75 
     84.50  1240.62 
     84.60  1307.62 
     84.70  1262.75 
     84.80  1388.88 
     84.90  1293.38 
     85.00  1255.00 
     85.10  1399.38 
     85.20  1285.00 
     85.30  1280.38 
     85.40  1370.62 
     85.50  1315.75 
     85.60  1342.25 
     85.70  1285.25 
     85.80  1305.12 
     85.90  1300.00 
     86.00  1264.00 
     86.10  1431.12 
     86.20  1375.25 
     86.30  1307.62 
     86.40  1355.25 
     86.50  1206.62 
     86.60  1325.62 
     86.70  1263.25 
     86.80  1301.75 
     86.90  1333.12 
     87.00  1293.88 
     87.10  1380.00 
     87.20  1493.38 
     87.30  1372.00 
     87.40  1386.25 
     87.50  1330.62 
     87.60  1388.00 
     87.70  1323.88 
     87.80  1516.88 
     87.90  1382.12 
     88.00  1395.38 
     88.10  1305.25 
     88.20  1288.25 
     88.30  1301.75 
     88.40  1083.25 
     88.50  1314.00 
     88.60  1336.88 
     88.70  1302.75 
     88.80  1187.62 
     88.90  1273.25 
     89.00  1252.75 
     89.10  1340.00 
     89.20  1351.88 
     89.30  1398.88 
     89.40  1246.50 
     89.50  1253.75 
     89.60  1284.25 
     89.70  1199.25 
     89.80  1307.62 
     89.90  1390.00 
