      Time   barrel 
      0.00  1356.88 
      0.10  1473.75 
      0.20  1538.75 
      0.30  1649.75 
      0.40  1546.00 
      0.50  1709.00 
      0.60  1563.75 
      0.70  1408.88 
      0.80  1403.38 
      0.90  1504.12 
      1.00  1510.12 
      1.10  1665.25 
      1.20  1577.12 
      1.30  1589.88 
      1.40  1512.88 
      1.50  1513.62 
      1.60  1476.75 
      1.70  1429.00 
      1.80  1465.38 
      1.90  1412.25 
      2.00  1374.25 
      2.10  1406.38 
      2.20  1391.38 
      2.30  1560.38 
      2.40  1506.38 
      2.50  1512.12 
      2.60  1673.25 
      2.70  1712.12 
      2.80  1486.75 
      2.90  1585.50 
      3.00  1481.88 
      3.10  1522.50 
      3.20  1515.62 
      3.30  1604.62 
      3.40  1568.75 
      3.50  1575.75 
      3.60  1765.25 
      3.70  1596.38 
      3.80  1600.12 
      3.90  1699.88 
      4.00  1514.38 
      4.10  1550.38 
      4.20  1387.88 
      4.30  1359.25 
      4.40  1330.75 
      4.50  1192.12 
      4.60  1323.75 
      4.70  1499.25 
      4.80  1482.88 
      4.90  1692.50 
      5.00  1536.62 
      5.10  1618.50 
      5.20  1737.62 
      5.30  1718.62 
      5.40  1418.88 
      5.50  1526.62 
      5.60  1622.62 
      5.70  1630.75 
      5.80  1553.50 
      5.90  1381.00 
      6.00  1429.75 
      6.10  1533.88 
      6.20  1412.12 
      6.30  1370.12 
      6.40  1543.12 
      6.50  1501.88 
      6.60  1368.12 
      6.70  1422.88 
      6.80  1498.25 
      6.90  1435.75 
      7.00  1442.75 
      7.10  1406.50 
      7.20  1654.38 
      7.30  1477.38 
      7.40  1384.62 
      7.50  1505.88 
      7.60  1524.25 
      7.70  1496.38 
      7.80  1617.38 
      7.90  1487.62 
      8.00  1446.12 
      8.10  1433.62 
      8.20  1445.50 
      8.30  1467.50 
      8.40  1465.50 
      8.50  1476.25 
      8.60  1527.38 
      8.70  1631.38 
      8.80  1545.50 
      8.90  1689.12 
      9.00  1660.00 
      9.10  1828.88 
      9.20  1710.62 
      9.30  1733.88 
      9.40  1733.38 
      9.50  1752.12 
      9.60  1543.25 
      9.70  1523.38 
      9.80  1715.75 
      9.90  1795.25 
     10.00  1711.88 
     10.10  1564.12 
     10.20  1493.00 
     10.30  1492.50 
     10.40  1469.25 
     10.50  1458.00 
     10.60  1564.75 
     10.70  1465.88 
     10.80  1648.75 
     10.90  1681.38 
     11.00  1570.00 
     11.10  1566.62 
     11.20  1780.75 
     11.30  1789.75 
     11.40  1676.75 
     11.50  1675.62 
     11.60  1792.00 
     11.70  1556.38 
     11.80  1521.25 
     11.90  1628.38 
     12.00  1524.12 
     12.10  1560.00 
     12.20  1647.00 
     12.30  1477.25 
     12.40  1683.62 
     12.50  1683.62 
     12.60  1690.25 
     12.70  1697.12 
     12.80  1656.88 
     12.90  1678.25 
     13.00  1571.88 
     13.10  1580.00 
     13.20  1529.38 
     13.30  1652.12 
     13.40  1722.12 
     13.50  1679.25 
     13.60  1639.50 
     13.70  1540.75 
     13.80  1551.00 
     13.90  1638.50 
     14.00  1790.25 
     14.10  1917.50 
     14.20  1563.00 
     14.30  1785.75 
     14.40  1721.38 
     14.50  1860.88 
     14.60  1787.88 
     14.70  1703.00 
     14.80  1741.88 
     14.90  1820.25 
     15.00  1883.88 
     15.10  1875.25 
     15.20  1836.62 
     15.30  1882.62 
     15.40  1733.12 
     15.50  1688.38 
     15.60  1830.75 
     15.70  1805.75 
     15.80  1642.88 
     15.90  1689.88 
     16.00  1729.75 
     16.10  1724.88 
     16.20  1696.12 
     16.30  1549.75 
     16.40  1918.38 
     16.50  1899.62 
     16.60  1784.00 
     16.70  1974.62 
     16.80  2046.00 
     16.90  2010.50 
     17.00  1830.88 
     17.10  1861.12 
     17.20  1943.00 
     17.30  1783.00 
     17.40  1858.12 
     17.50  1918.00 
     17.60  1733.62 
     17.70  1941.25 
     17.80  1951.62 
     17.90  1974.38 
     18.00  2006.12 
     18.10  1852.38 
     18.20  1912.12 
     18.30  2074.62 
     18.40  1956.50 
     18.50  1904.00 
     18.60  1868.00 
     18.70  1626.75 
     18.80  1872.88 
     18.90  2014.38 
     19.00  2081.75 
     19.10  1759.38 
     19.20  1707.75 
     19.30  1742.88 
     19.40  1711.38 
     19.50  1688.25 
     19.60  1579.50 
     19.70  1552.00 
     19.80  1509.50 
     19.90  1546.75 
     20.00  1613.50 
     20.10  1659.62 
     20.20  1354.25 
     20.30  1510.38 
     20.40  1578.88 
     20.50  1549.25 
     20.60  1644.88 
     20.70  1494.12 
     20.80  1476.00 
     20.90  1596.88 
     21.00  1551.12 
     21.10  1651.00 
     21.20  1655.25 
     21.30  1475.75 
     21.40  1573.75 
     21.50  1554.25 
     21.60  1623.12 
     21.70  1828.00 
     21.80  1459.50 
     21.90  1543.62 
     22.00  1455.62 
     22.10  1176.75 
     22.20  1250.88 
     22.30  1279.25 
     22.40  1389.50 
     22.50  1572.88 
     22.60  1945.00 
     22.70  1791.75 
     22.80  1735.25 
     22.90  1619.88 
     23.00  1792.88 
     23.10  1921.62 
     23.20  1662.88 
     23.30  1646.75 
     23.40  1738.12 
     23.50  1480.75 
     23.60  1483.50 
     23.70  1572.25 
     23.80  1522.88 
     23.90  1690.88 
     24.00  1798.75 
     24.10  1901.38 
     24.20  1826.25 
     24.30  1883.75 
     24.40  1951.25 
     24.50  1817.62 
     24.60  1775.25 
     24.70  1763.00 
     24.80  1849.62 
     24.90  1776.00 
     25.00  1747.00 
     25.10  1751.88 
     25.20  1750.88 
     25.30  1625.00 
     25.40  1541.88 
     25.50  1332.62 
     25.60  1445.88 
     25.70  1720.62 
     25.80  1566.12 
     25.90  1505.50 
     26.00  1450.38 
     26.10  1546.25 
     26.20  1351.12 
     26.30  1500.75 
     26.40  1467.88 
     26.50  1371.25 
     26.60  1377.00 
     26.70  1699.00 
     26.80  1588.50 
     26.90  1520.62 
     27.00  1573.00 
     27.10  1558.12 
     27.20  1391.25 
     27.30  1673.50 
     27.40  1664.50 
     27.50  1690.88 
     27.60  1521.50 
     27.70  1480.88 
     27.80  1631.50 
     27.90  1490.50 
     28.00  1551.25 
     28.10  1286.50 
     28.20  1551.00 
     28.30  1614.12 
     28.40  1745.38 
     28.50  1732.25 
     28.60  1723.12 
     28.70  1722.25 
     28.80  1723.00 
     28.90  1630.50 
     29.00  1566.38 
     29.10  1731.50 
     29.20  1623.00 
     29.30  1592.88 
     29.40  1510.62 
     29.50  1554.00 
     29.60  1449.75 
     29.70  1325.00 
     29.80  1390.50 
     29.90  1312.00 
     30.00  1173.75 
     30.10  1163.50 
     30.20  1199.12 
     30.30  1284.25 
     30.40  1286.50 
     30.50  1331.62 
     30.60  1426.00 
     30.70  1225.25 
     30.80  1304.62 
     30.90  1319.25 
     31.00  1214.62 
     31.10  1460.50 
     31.20  1453.62 
     31.30  1605.62 
     31.40  1583.88 
     31.50  1434.38 
     31.60  1735.25 
     31.70  1701.12 
     31.80  1698.62 
     31.90  1481.50 
     32.00  1606.12 
     32.10  1710.12 
     32.20  1847.75 
     32.30  1740.00 
     32.40  1567.88 
     32.50  1655.75 
     32.60  1594.25 
     32.70  1529.38 
     32.80  1609.75 
     32.90  1589.50 
     33.00  1792.50 
     33.10  1895.50 
     33.20  1791.62 
     33.30  1811.12 
     33.40  1804.75 
     33.50  1755.12 
     33.60  1873.62 
     33.70  1733.88 
     33.80  1590.25 
     33.90  1738.75 
     34.00  1907.88 
     34.10  1744.25 
     34.20  1736.38 
     34.30  1683.62 
     34.40  1741.25 
     34.50  1793.38 
     34.60  1824.38 
     34.70  1860.38 
     34.80  1645.25 
     34.90  1604.12 
     35.00  1717.88 
     35.10  1683.38 
     35.20  1596.62 
     35.30  1460.38 
     35.40  1549.50 
     35.50  1620.88 
     35.60  1657.00 
     35.70  1776.50 
     35.80  1795.25 
     35.90  1740.50 
     36.00  1656.88 
     36.10  1795.75 
     36.20  1571.88 
     36.30  1690.38 
     36.40  1654.50 
     36.50  1854.12 
     36.60  1796.75 
     36.70  1722.25 
     36.80  1686.62 
     36.90  1683.62 
     37.00  1673.88 
     37.10  1687.38 
     37.20  1735.38 
     37.30  1864.50 
     37.40  1676.12 
     37.50  1579.62 
     37.60  1684.62 
     37.70  1604.88 
     37.80  1573.75 
     37.90  1510.75 
     38.00  1409.25 
     38.10  1527.75 
     38.20  1431.50 
     38.30  1561.25 
     38.40  1514.62 
     38.50  1572.50 
     38.60  1508.88 
     38.70  1436.62 
     38.80  1470.88 
     38.90  1412.38 
     39.00  1540.88 
     39.10  1692.62 
     39.20  1663.38 
     39.30  1237.25 
     39.40  1299.50 
     39.50  1514.50 
     39.60  1356.75 
     39.70  1395.75 
     39.80  1457.25 
     39.90  1387.50 
     40.00  1239.75 
     40.10  1321.88 
     40.20  1255.00 
     40.30  1382.75 
     40.40  1461.12 
     40.50  1277.25 
     40.60  1374.88 
     40.70  1284.00 
     40.80  1267.25 
     40.90  1327.62 
     41.00  1259.12 
     41.10  1289.75 
     41.20  1415.38 
     41.30  1416.88 
     41.40  1280.75 
     41.50  1316.50 
     41.60  1310.62 
     41.70  1306.75 
     41.80  1339.00 
     41.90  1361.75 
     42.00  1333.50 
     42.10  1445.75 
     42.20  1354.88 
     42.30  1207.25 
     42.40  1445.88 
     42.50  1273.00 
     42.60  1368.62 
     42.70  1376.50 
     42.80  1348.75 
     42.90  1400.62 
     43.00  1346.38 
     43.10  1487.88 
     43.20  1474.00 
     43.30  1422.62 
     43.40  1368.50 
     43.50  1539.25 
     43.60  1511.25 
     43.70  1467.75 
     43.80  1346.38 
     43.90  1402.75 
     44.00  1660.38 
     44.10  1607.25 
     44.20  1396.00 
     44.30  1572.50 
     44.40  1395.62 
     44.50  1487.00 
     44.60  1280.00 
     44.70  1395.38 
     44.80  1355.88 
     44.90  1436.25 
     45.00  1434.75 
     45.10  1416.38 
     45.20  1384.50 
     45.30  1416.50 
     45.40  1490.75 
     45.50  1532.12 
     45.60  1392.25 
     45.70  1345.38 
     45.80  1359.50 
     45.90  1415.00 
     46.00  1373.50 
     46.10  1480.88 
     46.20  1438.50 
     46.30  1397.25 
     46.40  1359.75 
     46.50  1357.25 
     46.60  1448.88 
     46.70  1506.75 
     46.80  1507.25 
     46.90  1458.38 
     47.00  1328.62 
     47.10  1517.88 
     47.20  1324.88 
     47.30  1417.62 
     47.40  1460.50 
     47.50  1410.88 
     47.60  1436.62 
     47.70  1404.00 
     47.80  1446.62 
     47.90  1431.00 
     48.00  1494.25 
     48.10  1471.25 
     48.20  1393.50 
     48.30  1399.75 
     48.40  1484.62 
     48.50  1405.50 
     48.60  1477.12 
     48.70  1353.00 
     48.80  1482.88 
     48.90  1448.88 
     49.00  1347.00 
     49.10  1382.12 
     49.20  1492.75 
     49.30  1392.88 
     49.40  1427.38 
     49.50  1478.62 
     49.60  1421.88 
     49.70  1393.25 
     49.80  1419.88 
     49.90  1450.00 
     50.00  1435.75 
     50.10  1475.88 
     50.20  1560.12 
     50.30  1482.62 
     50.40  1538.38 
     50.50  1488.12 
     50.60  1394.38 
     50.70  1414.75 
     50.80  1523.75 
     50.90  1473.38 
     51.00  1430.12 
     51.10  1404.62 
     51.20  1532.00 
     51.30  1399.62 
     51.40  1482.12 
     51.50  1441.62 
     51.60  1471.25 
     51.70  1459.12 
     51.80  1432.38 
     51.90  1485.50 
     52.00  1543.75 
     52.10  1511.25 
     52.20  1436.25 
     52.30  1470.00 
     52.40  1501.50 
     52.50  1618.88 
     52.60  1481.75 
     52.70  1573.00 
     52.80  1435.62 
     52.90  1395.25 
     53.00  1562.00 
     53.10  1431.25 
     53.20  1382.62 
     53.30  1549.75 
     53.40  1625.62 
     53.50  1361.50 
     53.60  1441.75 
     53.70  1335.62 
     53.80  1561.12 
     53.90  1459.75 
     54.00  1434.38 
     54.10  1399.12 
     54.20  1264.00 
     54.30  1391.38 
     54.40  1316.88 
     54.50  1304.75 
     54.60  1319.62 
     54.70  1344.25 
     54.80  1325.88 
     54.90  1356.88 
     55.00  1254.62 
     55.10  1310.00 
     55.20  1267.50 
     55.30  1337.50 
     55.40  1315.88 
     55.50  1295.25 
     55.60  1334.88 
     55.70  1289.00 
     55.80  1307.00 
     55.90  1318.00 
     56.00  1293.38 
     56.10  1318.62 
     56.20  1318.12 
     56.30  1278.38 
     56.40  1422.88 
     56.50  1331.88 
     56.60  1330.00 
     56.70  1389.25 
     56.80  1350.00 
     56.90  1434.00 
     57.00  1274.00 
     57.10  1303.75 
     57.20  1346.00 
     57.30  1310.00 
     57.40  1262.62 
     57.50  1219.88 
     57.60  1318.25 
     57.70  1269.50 
     57.80  1314.00 
     57.90  1276.50 
     58.00  1203.50 
     58.10  1205.38 
     58.20  1218.62 
     58.30  1227.25 
     58.40  1336.88 
     58.50  1183.38 
     58.60  1293.62 
     58.70  1246.50 
     58.80  1339.88 
     58.90  1282.00 
     59.00  1327.75 
     59.10  1250.00 
     59.20  1264.12 
     59.30  1311.38 
     59.40  1291.62 
     59.50  1259.00 
     59.60  1351.75 
     59.70  1285.88 
     59.80  1374.75 
     59.90  1352.62 
     60.00  1383.25 
     60.10  1301.88 
     60.20  1335.50 
     60.30  1330.50 
     60.40  1325.88 
     60.50  1369.50 
     60.60  1325.88 
     60.70  1354.38 
     60.80  1207.38 
     60.90  1306.12 
     61.00  1370.88 
     61.10  1313.25 
     61.20  1331.88 
     61.30  1412.25 
     61.40  1345.88 
     61.50  1331.62 
     61.60  1459.38 
     61.70  1334.75 
     61.80  1286.50 
     61.90  1328.88 
     62.00  1223.00 
     62.10  1305.12 
     62.20  1381.88 
     62.30  1330.00 
     62.40  1373.00 
     62.50  1194.00 
     62.60  1210.88 
     62.70  1166.62 
     62.80  1308.75 
     62.90  1204.38 
     63.00  1263.75 
     63.10  1175.00 
     63.20  1324.62 
     63.30  1197.50 
     63.40  1391.62 
     63.50  1333.38 
     63.60  1242.00 
     63.70  1297.62 
     63.80  1328.38 
     63.90  1315.75 
     64.00  1413.12 
     64.10  1329.75 
     64.20  1482.38 
     64.30  1349.38 
     64.40  1302.00 
     64.50  1331.25 
     64.60  1457.25 
     64.70  1422.25 
     64.80  1434.25 
     64.90  1385.88 
     65.00  1513.12 
     65.10  1346.38 
     65.20  1432.00 
     65.30  1358.62 
     65.40  1428.25 
     65.50  1319.62 
     65.60  1377.38 
     65.70  1377.25 
     65.80  1485.75 
     65.90  1343.25 
     66.00  1503.38 
     66.10  1467.00 
     66.20  1455.38 
     66.30  1328.88 
     66.40  1471.38 
     66.50  1544.00 
     66.60  1529.00 
     66.70  1465.38 
     66.80  1458.00 
     66.90  1483.25 
     67.00  1462.62 
     67.10  1437.38 
     67.20  1477.75 
     67.30  1401.75 
     67.40  1482.12 
     67.50  1446.75 
     67.60  1284.00 
     67.70  1304.00 
     67.80  1304.00 
     67.90  1348.75 
     68.00  1369.75 
     68.10  1201.75 
     68.20  1270.25 
     68.30  1339.12 
     68.40  1237.25 
     68.50  1320.25 
     68.60  1295.62 
     68.70  1323.50 
     68.80  1437.75 
     68.90  1389.75 
     69.00  1351.38 
     69.10  1392.12 
     69.20  1507.50 
     69.30  1351.38 
     69.40  1407.00 
     69.50  1318.38 
     69.60  1359.00 
     69.70  1466.38 
     69.80  1335.50 
     69.90  1395.38 
     70.00  1515.25 
     70.10  1489.00 
     70.20  1441.75 
     70.30  1470.25 
     70.40  1393.50 
     70.50  1349.00 
     70.60  1500.25 
     70.70  1504.62 
     70.80  1321.75 
     70.90  1425.50 
     71.00  1429.38 
     71.10  1356.12 
     71.20  1455.62 
     71.30  1680.50 
     71.40  1657.38 
     71.50  1556.75 
     71.60  1586.50 
     71.70  1742.62 
     71.80  1661.12 
     71.90  1531.50 
     72.00  1492.25 
     72.10  1333.12 
     72.20  1418.38 
     72.30  1551.50 
     72.40  1376.50 
     72.50  1304.25 
     72.60  1349.12 
     72.70  1375.50 
     72.80  1388.00 
     72.90  1376.38 
     73.00  1292.00 
     73.10  1402.00 
     73.20  1350.88 
     73.30  1295.75 
     73.40  1482.75 
     73.50  1394.25 
     73.60  1356.12 
     73.70  1288.62 
     73.80  1363.12 
     73.90  1379.62 
     74.00  1385.62 
     74.10  1529.38 
     74.20  1279.25 
     74.30  1420.75 
     74.40  1390.62 
     74.50  1321.25 
     74.60  1339.75 
     74.70  1416.88 
     74.80  1340.00 
     74.90  1510.38 
     75.00  1289.62 
     75.10  1280.62 
     75.20  1271.12 
     75.30  1462.00 
     75.40  1332.50 
     75.50  1446.38 
     75.60  1331.38 
     75.70  1439.75 
     75.80  1514.12 
     75.90  1310.62 
     76.00  1383.62 
     76.10  1458.50 
     76.20  1310.88 
     76.30  1367.62 
     76.40  1391.00 
     76.50  1379.00 
     76.60  1461.50 
     76.70  1305.88 
     76.80  1372.88 
     76.90  1399.12 
     77.00  1465.88 
     77.10  1460.38 
     77.20  1337.38 
     77.30  1279.88 
     77.40  1296.38 
     77.50  1370.00 
     77.60  1294.38 
     77.70  1208.50 
     77.80  1393.75 
     77.90  1357.88 
     78.00  1274.88 
     78.10  1377.50 
     78.20  1460.75 
     78.30  1322.88 
     78.40  1299.88 
     78.50  1304.75 
     78.60  1403.88 
     78.70  1208.88 
     78.80  1345.00 
     78.90  1330.62 
     79.00  1383.75 
     79.10  1401.62 
     79.20  1342.75 
     79.30  1308.50 
     79.40  1500.00 
     79.50  1345.00 
     79.60  1256.38 
     79.70  1388.88 
     79.80  1274.88 
     79.90  1344.75 
     80.00  1318.00 
     80.10  1260.38 
     80.20  1312.38 
     80.30  1323.38 
     80.40  1288.50 
     80.50  1246.88 
     80.60  1301.25 
     80.70  1254.50 
     80.80  1280.88 
     80.90  1301.75 
     81.00  1342.25 
     81.10  1309.00 
     81.20  1202.75 
     81.30  1274.88 
     81.40  1333.12 
     81.50  1320.62 
     81.60  1377.38 
     81.70  1393.25 
     81.80  1314.88 
     81.90  1279.25 
     82.00  1327.50 
     82.10  1444.62 
     82.20  1383.88 
     82.30  1364.50 
     82.40  1333.12 
     82.50  1373.00 
     82.60  1380.50 
     82.70  1211.50 
     82.80  1303.50 
     82.90  1286.62 
     83.00  1379.75 
     83.10  1257.50 
     83.20  1315.50 
     83.30  1269.25 
     83.40  1176.25 
     83.50  1255.75 
     83.60  1305.88 
     83.70  1330.75 
     83.80  1241.12 
     83.90  1324.62 
     84.00  1270.25 
     84.10  1308.00 
     84.20  1371.12 
     84.30  1344.25 
     84.40  1294.50 
     84.50  1267.62 
     84.60  1270.62 
     84.70  1266.38 
     84.80  1286.00 
     84.90  1341.88 
     85.00  1249.25 
     85.10  1261.25 
     85.20  1307.62 
     85.30  1134.62 
     85.40  1224.50 
     85.50  1282.62 
     85.60  1232.62 
     85.70  1312.50 
     85.80  1300.00 
     85.90  1287.38 
     86.00  1329.62 
     86.10  1263.62 
     86.20  1245.00 
     86.30  1363.75 
     86.40  1284.75 
     86.50  1284.00 
     86.60  1295.75 
     86.70  1463.62 
     86.80  1316.00 
     86.90  1335.38 
     87.00  1362.75 
     87.10  1311.50 
     87.20  1279.62 
     87.30  1165.38 
     87.40  1322.00 
     87.50  1245.00 
     87.60  1299.75 
     87.70  1192.25 
     87.80  1297.50 
     87.90  1311.50 
     88.00  1252.62 
     88.10  1292.50 
     88.20  1229.88 
     88.30  1174.50 
     88.40  1237.00 
     88.50  1195.62 
     88.60  1301.38 
     88.70  1293.25 
     88.80  1275.25 
     88.90  1437.88 
     89.00  1226.75 
     89.10  1291.00 
     89.20  1246.00 
     89.30  1301.88 
     89.40  1285.38 
     89.50  1234.62 
     89.60  1168.50 
     89.70  1328.38 
     89.80  1204.62 
     89.90  1224.75 
     90.00  1230.25 
     90.10  1328.38 
     90.20  1355.88 
     90.30  1326.50 
     90.40  1509.50 
     90.50  1286.75 
     90.60  1301.38 
     90.70  1260.88 
     90.80  1308.25 
     90.90  1331.00 
     91.00  1280.00 
     91.10  1237.25 
     91.20  1301.62 
     91.30  1339.62 
     91.40  1349.38 
     91.50  1287.62 
     91.60  1302.25 
     91.70  1253.50 
     91.80  1286.38 
     91.90  1292.00 
     92.00  1340.38 
     92.10  1393.12 
     92.20  1314.00 
     92.30  1200.12 
     92.40  1240.88 
     92.50  1259.88 
     92.60  1329.75 
     92.70  1349.50 
     92.80  1348.12 
     92.90  1321.25 
     93.00  1337.75 
     93.10  1291.38 
     93.20  1281.12 
     93.30  1206.50 
     93.40  1285.38 
     93.50  1203.38 
     93.60  1252.25 
     93.70  1288.25 
     93.80  1261.62 
     93.90  1329.38 
     94.00  1343.88 
     94.10  1388.25 
     94.20  1354.75 
     94.30  1278.50 
     94.40  1240.50 
     94.50  1302.75 
     94.60  1225.00 
     94.70  1305.12 
     94.80  1198.00 
     94.90  1318.75 
     95.00  1301.25 
     95.10  1240.38 
     95.20  1257.00 
     95.30  1288.38 
     95.40  1261.00 
     95.50  1190.88 
     95.60  1201.62 
     95.70  1302.25 
     95.80  1318.50 
     95.90  1296.88 
     96.00  1154.62 
     96.10  1340.00 
     96.20  1157.75 
     96.30  1268.62 
     96.40  1200.38 
     96.50  1202.50 
     96.60  1281.88 
     96.70  1202.38 
     96.80  1266.25 
     96.90  1293.62 
     97.00  1284.00 
     97.10  1338.25 
     97.20  1422.38 
     97.30  1328.88 
     97.40  1272.62 
     97.50  1242.38 
     97.60  1294.25 
     97.70  1275.25 
     97.80  1259.62 
     97.90  1241.50 
     98.00  1353.25 
     98.10  1348.50 
     98.20  1226.75 
     98.30  1240.25 
     98.40  1272.75 
     98.50  1384.12 
     98.60  1299.12 
     98.70  1286.12 
     98.80  1269.12 
     98.90  1250.25 
     99.00  1282.25 
     99.10  1195.00 
     99.20  1284.88 
     99.30  1236.50 
     99.40  1269.50 
     99.50  1236.38 
     99.60  1328.12 
     99.70  1323.88 
     99.80  1299.75 
     99.90  1179.12 
    100.00  1358.88 
    100.10  1233.75 
    100.20  1388.88 
    100.30  1264.00 
    100.40  1435.88 
    100.50  1363.88 
    100.60  1246.88 
    100.70  1309.38 
    100.80  1352.00 
    100.90  1317.25 
    101.00  1402.00 
    101.10  1378.75 
    101.20  1258.38 
    101.30  1257.62 
    101.40  1315.88 
    101.50  1244.25 
    101.60  1286.62 
    101.70  1313.25 
    101.80  1415.62 
    101.90  1267.88 
    102.00  1360.12 
    102.10  1331.75 
    102.20  1307.50 
    102.30  1237.12 
    102.40  1384.25 
    102.50  1265.38 
    102.60  1310.50 
    102.70  1330.00 
    102.80  1407.50 
    102.90  1343.38 
    103.00  1288.75 
    103.10  1321.62 
    103.20  1265.38 
    103.30  1318.88 
    103.40  1339.62 
    103.50  1555.12 
    103.60  1585.50 
    103.70  1513.12 
    103.80  1491.75 
    103.90  1568.25 
    104.00  1628.00 
    104.10  1502.25 
    104.20  1580.12 
    104.30  1470.75 
    104.40  1523.62 
    104.50  1628.88 
    104.60  1672.12 
    104.70  1576.75 
    104.80  1588.00 
    104.90  1504.25 
    105.00  1487.88 
    105.10  1376.25 
    105.20  1392.62 
    105.30  1344.12 
    105.40  1306.62 
    105.50  1345.62 
    105.60  1316.12 
    105.70  1327.50 
    105.80  1313.38 
    105.90  1294.25 
    106.00  1291.75 
    106.10  1341.75 
    106.20  1360.00 
    106.30  1319.62 
    106.40  1339.88 
    106.50  1299.88 
    106.60  1441.25 
    106.70  1311.50 
    106.80  1293.25 
    106.90  1278.62 
    107.00  1329.88 
    107.10  1244.75 
    107.20  1375.50 
    107.30  1344.75 
    107.40  1258.88 
    107.50  1245.38 
    107.60  1364.12 
    107.70  1277.25 
    107.80  1292.12 
    107.90  1437.50 
    108.00  1394.75 
    108.10  1357.12 
    108.20  1295.50 
    108.30  1442.12 
    108.40  1483.75 
    108.50  1565.50 
    108.60  1471.38 
    108.70  1556.12 
    108.80  1597.38 
    108.90  1604.00 
    109.00  1643.12 
    109.10  1518.00 
    109.20  1552.50 
    109.30  1547.00 
    109.40  1302.25 
    109.50  1497.75 
    109.60  1522.25 
    109.70  1443.88 
    109.80  1487.75 
    109.90  1509.50 
    110.00  1548.38 
    110.10  1466.12 
    110.20  1497.75 
    110.30  1557.25 
    110.40  1494.75 
    110.50  1553.88 
    110.60  1487.25 
    110.70  1627.00 
    110.80  1544.50 
    110.90  1712.25 
    111.00  1570.25 
    111.10  1627.62 
    111.20  1635.62 
    111.30  1545.12 
    111.40  1505.00 
    111.50  1549.50 
    111.60  1618.75 
    111.70  1541.25 
    111.80  1516.00 
    111.90  1630.25 
    112.00  1612.88 
    112.10  1641.12 
    112.20  1726.38 
    112.30  1724.50 
    112.40  1620.88 
    112.50  1787.12 
    112.60  1786.62 
    112.70  1659.50 
    112.80  1549.88 
    112.90  1640.88 
    113.00  1546.12 
    113.10  1474.75 
    113.20  1606.88 
    113.30  1639.38 
    113.40  1626.62 
    113.50  1568.38 
    113.60  1442.12 
    113.70  1545.75 
    113.80  1666.00 
    113.90  1653.25 
    114.00  1482.62 
    114.10  1717.38 
    114.20  1574.88 
    114.30  1557.88 
    114.40  1512.50 
    114.50  1510.75 
    114.60  1560.25 
    114.70  1497.62 
    114.80  1425.25 
    114.90  1453.12 
    115.00  1447.50 
    115.10  1537.50 
    115.20  1497.12 
    115.30  1701.75 
    115.40  1751.75 
    115.50  1657.38 
    115.60  1706.38 
    115.70  1624.38 
    115.80  1708.38 
    115.90  1605.00 
    116.00  1550.12 
    116.10  1420.00 
    116.20  1394.62 
    116.30  1574.62 
    116.40  1559.75 
    116.50  1472.50 
    116.60  1464.62 
    116.70  1486.12 
    116.80  1520.50 
    116.90  1562.25 
    117.00  1532.50 
    117.10  1483.75 
    117.20  1473.12 
    117.30  1530.00 
    117.40  1508.12 
    117.50  1491.12 
    117.60  1467.50 
    117.70  1536.25 
    117.80  1416.62 
    117.90  1451.75 
    118.00  1543.62 
    118.10  1394.88 
    118.20  1392.00 
    118.30  1344.50 
    118.40  1337.38 
    118.50  1365.12 
    118.60  1390.00 
    118.70  1417.88 
    118.80  1483.12 
    118.90  1380.62 
    119.00  1402.25 
    119.10  1452.88 
    119.20  1414.00 
    119.30  1462.75 
    119.40  1476.00 
    119.50  1436.00 
    119.60  1622.75 
    119.70  1506.50 
    119.80  1618.25 
    119.90  1497.00 
    120.00  1429.25 
    120.10  1326.50 
    120.20  1319.62 
    120.30  1267.00 
    120.40  1336.00 
    120.50  1366.12 
    120.60  1325.38 
    120.70  1373.38 
    120.80  1439.38 
    120.90  1361.12 
    121.00  1477.75 
    121.10  1455.00 
    121.20  1297.38 
    121.30  1460.38 
    121.40  1369.50 
    121.50  1441.25 
    121.60  1494.38 
    121.70  1375.25 
    121.80  1513.88 
    121.90  1574.38 
    122.00  1424.12 
    122.10  1373.50 
    122.20  1342.75 
    122.30  1376.12 
    122.40  1273.50 
    122.50  1212.62 
    122.60  1273.88 
    122.70  1226.88 
    122.80  1195.88 
    122.90  1333.62 
    123.00  1228.25 
    123.10  1223.88 
    123.20  1143.25 
    123.30  1109.00 
    123.40  1230.62 
    123.50  1174.12 
    123.60  1100.62 
    123.70  1158.88 
    123.80  1245.38 
    123.90  1142.25 
    124.00  1114.25 
    124.10  1148.50 
    124.20  1138.25 
    124.30  1275.75 
    124.40  1228.62 
    124.50  1291.75 
    124.60  1314.62 
    124.70  1248.75 
    124.80  1195.38 
    124.90  1301.75 
    125.00  1298.00 
    125.10  1149.25 
    125.20  1299.25 
    125.30  1238.12 
    125.40  1253.38 
    125.50  1219.25 
    125.60  1126.12 
    125.70  1204.62 
    125.80  1118.88 
    125.90  1214.50 
    126.00  1285.62 
    126.10  1262.25 
    126.20  1262.25 
    126.30  1266.38 
    126.40  1361.88 
    126.50  1307.50 
    126.60  1248.38 
    126.70  1267.00 
    126.80  1323.12 
    126.90  1287.75 
    127.00  1382.88 
    127.10  1342.12 
    127.20  1212.38 
    127.30  1312.12 
    127.40  1152.25 
    127.50  1246.88 
    127.60  1326.88 
    127.70  1346.62 
    127.80  1232.12 
    127.90  1297.75 
    128.00  1283.38 
    128.10  1356.38 
    128.20  1256.75 
    128.30  1338.88 
    128.40  1213.25 
    128.50  1272.12 
    128.60  1343.62 
    128.70  1348.62 
    128.80  1254.25 
    128.90  1221.75 
    129.00  1326.50 
    129.10  1411.12 
    129.20  1298.12 
    129.30  1331.12 
    129.40  1238.88 
    129.50  1410.00 
    129.60  1481.38 
    129.70  1232.12 
    129.80  1200.12 
    129.90  1358.00 
    130.00  1254.88 
    130.10  1267.75 
    130.20  1295.88 
    130.30  1330.00 
    130.40  1133.38 
    130.50  1082.62 
    130.60  1174.38 
    130.70  1228.75 
    130.80  1209.12 
    130.90  1113.38 
    131.00  1116.38 
    131.10  1198.75 
    131.20  1077.25 
    131.30  1128.25 
    131.40  1102.62 
    131.50  1206.50 
    131.60  1122.62 
    131.70  1115.62 
    131.80  1219.62 
    131.90  1294.25 
    132.00  1156.00 
    132.10  1180.88 
    132.20  1235.25 
    132.30  1200.00 
    132.40  1264.12 
    132.50  1239.75 
    132.60  1283.88 
    132.70  1321.88 
    132.80  1195.25 
    132.90  1153.25 
    133.00  1167.12 
    133.10  1184.25 
    133.20  1159.50 
    133.30  1116.62 
    133.40  1144.00 
    133.50  1319.62 
    133.60  1132.88 
    133.70  1193.00 
    133.80  1195.62 
    133.90  1103.50 
    134.00  1138.00 
    134.10  1245.62 
    134.20  1243.38 
    134.30  1120.88 
    134.40  1163.50 
    134.50  1183.00 
    134.60  1330.88 
    134.70  1158.62 
    134.80  1207.25 
    134.90  1159.12 
    135.00  1277.62 
    135.10  1269.62 
    135.20  1135.38 
    135.30  1238.50 
    135.40  1209.00 
    135.50  1126.00 
    135.60  1227.75 
    135.70  1257.75 
    135.80  1155.75 
    135.90  1101.50 
    136.00  1244.50 
    136.10  1168.50 
    136.20  1127.38 
    136.30  1194.75 
    136.40  1136.75 
    136.50  1141.25 
    136.60  1163.25 
    136.70  1318.50 
    136.80  1240.88 
    136.90  1195.62 
    137.00  1323.38 
    137.10  1287.25 
    137.20  1132.50 
    137.30  1147.62 
    137.40  1203.12 
    137.50  1205.38 
    137.60  1219.62 
    137.70  1272.62 
    137.80  1094.75 
    137.90  1183.88 
    138.00  1106.50 
    138.10  1334.75 
    138.20  1299.50 
    138.30  1145.50 
    138.40  1166.25 
    138.50  1064.00 
    138.60  1145.88 
    138.70  1150.38 
    138.80  1182.38 
    138.90  1127.25 
    139.00  1232.75 
    139.10  1221.25 
    139.20  1273.75 
    139.30  1269.75 
    139.40  1328.25 
    139.50  1377.38 
    139.60  1282.12 
    139.70  1294.00 
    139.80  1301.75 
    139.90  1222.38 
    140.00  1333.25 
    140.10  1228.88 
    140.20  1232.75 
    140.30  1220.12 
    140.40  1212.00 
    140.50  1118.62 
    140.60  1312.12 
    140.70  1126.38 
    140.80  1299.62 
    140.90  1333.25 
    141.00  1266.38 
    141.10  1263.12 
    141.20  1231.50 
    141.30  1144.75 
    141.40  1202.25 
    141.50  1202.00 
    141.60  1171.12 
    141.70  1172.25 
    141.80  1157.88 
    141.90  1151.62 
    142.00  1174.12 
    142.10  1194.62 
    142.20  1113.00 
    142.30  1290.25 
    142.40  1200.50 
    142.50  1193.25 
    142.60  1185.75 
    142.70  1196.25 
    142.80  1257.12 
    142.90  1223.00 
    143.00  1190.75 
    143.10  1209.38 
    143.20  1238.75 
    143.30  1191.25 
    143.40  1185.50 
    143.50  1171.00 
    143.60  1300.00 
    143.70  1163.75 
    143.80  1196.12 
    143.90  1260.75 
    144.00  1103.75 
    144.10  1185.62 
    144.20  1205.12 
    144.30  1250.12 
    144.40  1268.88 
    144.50  1238.62 
    144.60  1150.12 
    144.70  1217.75 
    144.80  1157.50 
    144.90  1245.50 
    145.00  1239.50 
    145.10  1248.25 
    145.20  1191.62 
    145.30  1203.62 
    145.40  1236.25 
    145.50  1262.50 
    145.60  1181.75 
    145.70  1314.62 
    145.80  1283.38 
    145.90  1174.25 
    146.00  1180.25 
    146.10  1073.62 
    146.20  1133.75 
    146.30  1172.88 
    146.40  1162.88 
    146.50  1258.62 
    146.60  1303.12 
    146.70  1213.38 
    146.80  1206.25 
    146.90  1298.50 
    147.00  1238.38 
    147.10  1249.75 
    147.20  1241.00 
    147.30  1330.75 
    147.40  1203.88 
    147.50  1210.62 
    147.60  1182.50 
    147.70  1068.62 
    147.80  1272.12 
    147.90  1262.00 
    148.00  1187.38 
    148.10  1201.12 
    148.20  1244.25 
    148.30  1249.00 
    148.40  1203.38 
    148.50  1201.88 
    148.60  1186.50 
    148.70  1422.62 
    148.80  1371.88 
    148.90  1305.88 
    149.00  1449.00 
    149.10  1310.75 
    149.20  1405.62 
    149.30  1424.12 
    149.40  1353.25 
    149.50  1326.50 
    149.60  1401.62 
    149.70  1336.38 
    149.80  1351.62 
    149.90  1440.50 
    150.00  1306.00 
    150.10  1384.50 
    150.20  1410.38 
    150.30  1345.38 
    150.40  1323.38 
    150.50  1322.88 
    150.60  1237.88 
    150.70  1194.38 
    150.80  1248.25 
    150.90  1258.25 
    151.00  1258.38 
    151.10  1333.62 
    151.20  1216.12 
    151.30  1314.88 
    151.40  1332.88 
    151.50  1250.12 
    151.60  1157.12 
    151.70  1279.38 
    151.80  1269.88 
    151.90  1148.50 
    152.00  1090.25 
    152.10  1172.88 
    152.20  1217.50 
    152.30  1311.88 
    152.40  1271.00 
    152.50  1449.88 
    152.60  1393.00 
    152.70  1361.50 
    152.80  1401.50 
    152.90  1444.38 
    153.00  1319.50 
    153.10  1289.50 
    153.20  1252.25 
    153.30  1300.38 
    153.40  1382.75 
    153.50  1375.25 
    153.60  1240.62 
    153.70  1389.88 
    153.80  1440.62 
    153.90  1374.75 
    154.00  1289.62 
    154.10  1178.38 
    154.20  1237.25 
    154.30  1279.12 
    154.40  1255.62 
    154.50  1176.38 
    154.60  1190.62 
    154.70  1125.12 
    154.80  1187.62 
    154.90  1113.62 
    155.00  1184.75 
    155.10  1202.00 
    155.20  1301.88 
    155.30  1171.00 
    155.40  1208.88 
    155.50  1221.00 
    155.60  1220.12 
    155.70  1143.50 
    155.80  1115.50 
    155.90  1247.25 
    156.00  1192.00 
    156.10  1201.25 
    156.20  1206.12 
    156.30  1321.38 
    156.40  1215.88 
    156.50  1195.38 
    156.60  1255.00 
    156.70  1329.62 
    156.80  1278.25 
    156.90  1164.00 
    157.00  1214.75 
    157.10  1306.38 
    157.20  1274.12 
    157.30  1283.62 
    157.40  1252.38 
    157.50  1208.75 
    157.60  1158.00 
    157.70  1210.25 
    157.80  1190.38 
    157.90  1212.12 
    158.00  1253.50 
    158.10  1223.38 
    158.20  1124.50 
    158.30  1215.12 
    158.40  1239.88 
    158.50  1227.00 
    158.60  1339.62 
    158.70  1415.88 
    158.80  1381.38 
    158.90  1462.12 
    159.00  1298.25 
    159.10  1512.62 
    159.20  1474.88 
    159.30  1446.50 
    159.40  1371.25 
    159.50  1494.75 
    159.60  1350.25 
    159.70  1361.00 
    159.80  1430.00 
    159.90  1467.12 
    160.00  1571.88 
    160.10  1633.50 
    160.20  1514.88 
    160.30  1619.75 
    160.40  1672.88 
    160.50  1658.62 
    160.60  1635.75 
    160.70  1698.38 
    160.80  1484.75 
    160.90  1485.00 
    161.00  1594.00 
    161.10  1477.38 
    161.20  1527.38 
    161.30  1529.00 
    161.40  1373.38 
    161.50  1377.75 
    161.60  1413.50 
    161.70  1300.75 
    161.80  1453.00 
    161.90  1470.25 
    162.00  1370.38 
    162.10  1282.00 
    162.20  1267.62 
    162.30  1333.62 
    162.40  1411.00 
    162.50  1332.50 
    162.60  1324.38 
    162.70  1293.62 
    162.80  1319.38 
    162.90  1328.25 
    163.00  1174.12 
    163.10  1255.75 
    163.20  1341.88 
    163.30  1308.62 
    163.40  1316.25 
    163.50  1371.75 
    163.60  1210.12 
    163.70  1366.00 
    163.80  1315.75 
    163.90  1245.88 
    164.00  1284.62 
    164.10  1378.50 
    164.20  1343.00 
    164.30  1273.62 
    164.40  1335.50 
    164.50  1239.75 
    164.60  1203.88 
    164.70  1374.38 
    164.80  1289.75 
    164.90  1343.75 
    165.00  1392.25 
    165.10  1266.25 
    165.20  1333.00 
    165.30  1245.62 
    165.40  1279.88 
    165.50  1354.62 
    165.60  1408.75 
    165.70  1357.38 
    165.80  1379.38 
    165.90  1328.50 
    166.00  1428.62 
    166.10  1391.88 
    166.20  1261.88 
    166.30  1262.75 
    166.40  1362.75 
    166.50  1371.38 
    166.60  1498.00 
    166.70  1503.88 
    166.80  1472.88 
    166.90  1372.62 
    167.00  1320.88 
    167.10  1374.88 
    167.20  1370.75 
    167.30  1432.75 
    167.40  1319.75 
    167.50  1482.88 
    167.60  1291.38 
    167.70  1257.25 
    167.80  1250.38 
    167.90  1309.25 
    168.00  1333.00 
    168.10  1301.38 
    168.20  1260.00 
    168.30  1270.88 
    168.40  1330.75 
    168.50  1213.50 
    168.60  1227.00 
    168.70  1250.88 
    168.80  1263.75 
    168.90  1148.25 
    169.00  1240.62 
    169.10  1267.25 
    169.20  1307.62 
    169.30  1264.38 
    169.40  1262.75 
    169.50  1305.38 
    169.60  1388.88 
    169.70  1321.25 
    169.80  1293.38 
    169.90  1342.75 
    170.00  1255.00 
    170.10  1292.00 
    170.20  1399.38 
    170.30  1253.75 
    170.40  1285.00 
    170.50  1166.62 
    170.60  1280.38 
    170.70  1333.75 
    170.80  1370.62 
    170.90  1426.62 
    171.00  1315.75 
    171.10  1361.25 
    171.20  1342.25 
    171.30  1375.50 
    171.40  1285.25 
    171.50  1314.88 
    171.60  1305.12 
    171.70  1251.75 
    171.80  1300.00 
    171.90  1359.25 
    172.00  1264.00 
    172.10  1327.50 
    172.20  1431.12 
    172.30  1378.12 
    172.40  1375.25 
    172.50  1366.12 
    172.60  1307.62 
    172.70  1281.62 
    172.80  1355.25 
    172.90  1155.38 
    173.00  1206.62 
    173.10  1193.12 
    173.20  1325.62 
    173.30  1303.25 
    173.40  1263.25 
    173.50  1296.25 
    173.60  1301.75 
    173.70  1348.62 
    173.80  1333.12 
    173.90  1223.62 
    174.00  1293.88 
    174.10  1273.00 
    174.20  1380.00 
    174.30  1560.38 
    174.40  1493.38 
    174.50  1286.25 
    174.60  1372.00 
    174.70  1327.62 
    174.80  1386.25 
    174.90  1324.75 
    175.00  1330.62 
    175.10  1290.12 
    175.20  1388.00 
    175.30  1354.25 
    175.40  1323.88 
    175.50  1493.62 
    175.60  1516.88 
    175.70  1501.75 
    175.80  1382.12 
    175.90  1529.50 
    176.00  1395.38 
    176.10  1313.38 
    176.20  1305.25 
    176.30  1244.38 
    176.40  1288.25 
    176.50  1247.12 
    176.60  1301.75 
    176.70  1204.12 
    176.80  1083.25 
    176.90  1254.88 
    177.00  1314.00 
    177.10  1329.38 
    177.20  1336.88 
    177.30  1373.38 
    177.40  1302.75 
    177.50  1296.00 
    177.60  1187.62 
    177.70  1264.38 
    177.80  1273.25 
    177.90  1298.38 
    178.00  1252.75 
    178.10  1343.25 
    178.20  1340.00 
    178.30  1368.62 
    178.40  1351.88 
    178.50  1188.88 
    178.60  1398.88 
    178.70  1285.88 
    178.80  1246.50 
    178.90  1301.38 
    179.00  1253.75 
    179.10  1342.12 
    179.20  1284.25 
    179.30  1229.50 
    179.40  1199.25 
    179.50  1344.88 
    179.60  1307.62 
    179.70  1282.75 
    179.80  1390.00 
    179.90  1256.25 
